Length [m]	OTDR [V]	Brillouin intensity [V]	Fitted Frequency [GHz]	Temperature [”]	Compensated Strain [レュ]	Uncompensated Strain [レュ]
0.51	0.006994	0.042809	10.504363	-153.096707	2164.019716	-1774.016100
1.02	0.007031	0.046668	10.485554	-129.465994	1186.256644	-2187.812633
1.53	0.007000	0.049949	10.470921	-87.869553	-108.761382	-2509.738597
2.04	0.007023	0.052653	10.459843	-49.743845	-1241.888742	-2753.448575
2.55	0.007031	0.054909	10.452010	-28.791464	-1904.874234	-2925.789501
3.06	0.007009	0.056747	10.446830	-22.946135	-2158.890323	-3039.741673
3.57	0.007008	0.058289	10.444747	-28.165590	-2086.784168	-3085.571023
4.08	0.006979	0.059546	10.444085	-29.284085	-2076.309168	-3100.139398
4.59	0.007004	0.060627	10.442294	-10.819813	-2542.645249	-3139.530789
5.10	0.007002	0.061500	10.442512	13.798379	-3104.329773	-3134.744252
5.61	0.007069	0.062207	10.442892	31.528783	-3503.716404	-3126.386892
6.12	0.007028	0.062695	10.442979	31.548351	-3502.156356	-3124.469069
6.63	0.007067	0.063052	10.441802	19.138797	-3243.634369	-3150.359662
7.14	0.007004	0.063282	10.441408	3.299344	-2888.098685	-3159.024095
7.65	0.007009	0.063491	10.441189	-1.371552	-2785.627431	-3163.842434
8.16	0.006999	0.063637	10.440451	7.945121	-3017.120741	-3180.084271
8.67	0.007031	0.063792	10.441643	27.131571	-3431.285483	-3153.851152
9.18	0.007027	0.063888	10.441604	41.816022	-3770.212209	-3154.705539
9.69	0.007056	0.063949	10.441447	49.798732	-3957.596377	-3158.163360
10.20	0.006995	0.063925	10.440379	47.733735	-3934.701292	-3181.668014
10.71	0.006982	0.063920	10.439908	45.620577	-3896.908334	-3192.019046
11.22	0.006957	0.063888	10.441083	44.394470	-3841.583104	-3166.167570
11.73	0.006966	0.063894	10.440336	50.391444	-3996.864947	-3182.606751
12.24	0.006965	0.063881	10.439830	56.079898	-4139.488739	-3193.745993
12.75	0.007017	0.063888	10.439674	59.336475	-4218.056958	-3197.182860
13.26	0.006990	0.063852	10.439980	55.832005	-4130.318028	-3190.441401
13.77	0.006994	0.063835	10.440595	51.744232	-4022.025440	-3176.902190
14.28	0.006959	0.063797	10.440085	44.375734	-3864.171532	-3188.126204
14.79	0.006958	0.063823	10.439931	39.149491	-3747.412511	-3191.510009
15.30	0.006935	0.063862	10.440264	31.122243	-3554.948010	-3184.184022
15.81	0.006939	0.063949	10.439206	26.473516	-3472.335988	-3207.459374
16.32	0.006900	0.064010	10.439317	23.557938	-3402.659453	-3205.016502
16.83	0.006856	0.064073	10.439513	24.730375	-3425.133153	-3200.709227
17.34	0.006751	0.064058	10.439279	27.445421	-3493.042923	-3205.870180
17.85	0.006656	0.064030	10.438883	33.013898	-3630.346245	-3214.568742
18.36	0.006533	0.063953	10.438470	34.787479	-3680.699743	-3223.655887
18.87	0.006459	0.063892	10.438684	33.837078	-3653.901128	-3218.961995
19.38	0.006371	0.063813	10.439258	31.439634	-3585.466343	-3206.326153
19.89	0.006328	0.063764	10.439550	34.419182	-3647.319422	-3199.901504
20.40	0.006271	0.063695	10.439329	40.528101	-3793.050576	-3204.772073
20.91	0.006251	0.063640	10.440997	47.943299	-3925.266677	-3168.066562
21.42	0.006199	0.063538	10.441750	52.912834	-4022.291253	-3151.494927
21.93	0.006193	0.063462	10.441648	54.159389	-4053.353041	-3153.752357
22.44	0.006148	0.063364	10.441933	47.072188	-3883.633216	-3147.480536
22.95	0.006152	0.063300	10.441031	40.754921	-3759.004231	-3167.314447
23.46	0.006133	0.063239	10.440625	36.761181	-3676.427040	-3176.240476
23.97	0.006148	0.063225	10.440453	37.095502	-3688.109289	-3180.043013
24.48	0.006144	0.063213	10.440460	37.009475	-3685.948733	-3179.871081
24.99	0.006169	0.063236	10.441309	39.725756	-3728.901928	-3161.198717
25.50	0.006148	0.063230	10.442669	37.298366	-3641.652550	-3131.273092
26.02	0.006157	0.063275	10.442485	34.232771	-3575.342097	-3135.335296
26.53	0.006136	0.063298	10.441365	29.643841	-3495.526625	-3159.965251
27.04	0.006147	0.063372	10.440691	29.933531	-3517.744043	-3174.797367
27.55	0.006144	0.063427	10.440943	31.121413	-3539.279770	-3169.256217
28.06	0.006173	0.063491	10.441339	35.989220	-3642.196184	-3160.538650
28.57	0.006156	0.063487	10.441784	38.402093	-3687.476395	-3150.748419
29.08	0.006178	0.063459	10.442385	41.376197	-3742.071450	-3137.519862
29.59	0.006154	0.063381	10.442665	39.670848	-3696.377050	-3131.378762
30.10	0.006152	0.063324	10.441882	39.183805	-3703.208753	-3148.590319
30.61	0.006130	0.063257	10.440713	37.841677	-3699.289981	-3174.323402
31.12	0.006148	0.063238	10.440559	39.962579	-3751.644408	-3177.692572
31.63	0.006134	0.063226	10.442258	40.482560	-3724.445165	-3140.329050
32.14	0.006160	0.063228	10.442491	42.017442	-3754.403933	-3135.203064
32.65	0.006135	0.063232	10.441922	41.070027	-3745.719643	-3147.722950
33.16	0.006142	0.063215	10.442814	40.199420	-3705.098645	-3128.091662
33.67	0.006114	0.063207	10.443882	37.506543	-3618.489886	-3104.606835
34.18	0.006128	0.063161	10.444398	35.936494	-3570.427359	-3093.235777
34.69	0.006120	0.063150	10.443670	37.924517	-3632.989031	-3109.259541
35.20	0.006148	0.063104	10.443629	35.665453	-3581.927695	-3110.157675
35.71	0.006147	0.063121	10.444123	37.429747	-3611.144240	-3099.286125
36.22	0.006170	0.063092	10.444033	36.042805	-3581.301676	-3101.274400
36.73	0.006145	0.063105	10.443752	35.687440	-3579.602625	-3107.456993
37.24	0.006155	0.063090	10.444046	36.749487	-3597.272764	-3100.991587
37.75	0.006126	0.063099	10.443948	36.878411	-3602.505959	-3103.152577
38.26	0.006142	0.063104	10.443199	38.445439	-3655.833110	-3119.611910
38.77	0.006134	0.063109	10.442647	37.158102	-3638.934968	-3131.760777
39.28	0.006159	0.063088	10.442928	37.122733	-3631.653268	-3125.591369
39.79	0.006142	0.063040	10.443372	33.269814	-3532.720085	-3115.823106
40.30	0.006154	0.062976	10.442888	35.081703	-3585.592938	-3126.472290
40.81	0.006133	0.062908	10.442504	32.591098	-3537.097675	-3134.902541
41.32	0.006132	0.062854	10.443601	35.646147	-3582.137592	-3110.781832
41.83	0.006116	0.062806	10.444074	35.085904	-3558.324987	-3100.369007
42.34	0.006126	0.062801	10.444114	35.573589	-3568.632487	-3099.492518
42.85	0.006119	0.062783	10.445195	33.794708	-3502.761386	-3075.719429
43.36	0.006140	0.062800	10.445439	34.099173	-3504.133276	-3070.342467
43.87	0.006123	0.062781	10.444636	32.420674	-3484.009994	-3088.004189
44.38	0.006139	0.062784	10.444343	35.673409	-3565.657061	-3094.462340
44.89	0.006123	0.062742	10.444358	36.130909	-3575.826502	-3094.116968
45.40	0.006138	0.062718	10.444544	37.364759	-3599.941185	-3090.026519
45.91	0.006121	0.062669	10.444782	36.576059	-3576.291872	-3084.786026
46.42	0.006144	0.062647	10.444639	36.511334	-3578.107173	-3087.938941
46.93	0.006132	0.062614	10.444388	33.507798	-3514.767442	-3093.472191
47.44	0.006144	0.062615	10.443760	34.932273	-3562.041159	-3107.287400
47.95	0.006126	0.062608	10.444346	34.677031	-3542.636051	-3094.381513
48.46	0.006136	0.062648	10.445052	36.825364	-3575.821656	-3078.863106
48.97	0.006113	0.062655	10.446052	36.910223	-3554.701383	-3056.853002
49.48	0.006126	0.062687	10.452441	38.341929	-3440.304417	-2916.290942
49.99	0.006108	0.062663	10.473643	37.985930	-2943.135931	-2449.856618
50.50	0.006123	0.062602	10.507924	39.714921	-2192.306310	-1695.670254
51.01	0.006101	0.062379	10.537396	40.835250	-1538.387398	-1047.292864
51.53	0.006118	0.061992	10.558055	44.334258	-1142.458180	-592.780756
52.04	0.006097	0.061386	10.561713	46.008895	-1096.651513	-512.312920
52.55	0.006122	0.060614	10.564243	48.278907	-1090.562613	-456.658465
53.06	0.006097	0.059709	10.567065	46.916112	-994.092753	-394.560406
53.57	0.006126	0.058799	10.568160	46.288944	-954.407732	-370.476381
54.08	0.006102	0.057892	10.568390	42.902812	-871.167326	-365.427539
54.59	0.006127	0.057081	10.569044	40.988853	-812.026460	-351.040569
55.10	0.006106	0.056317	10.569137	37.086509	-720.046166	-348.989988
55.61	0.006122	0.055644	10.569312	35.698192	-684.053845	-345.142188
56.12	0.006095	0.055047	10.570038	32.046590	-583.253232	-329.171911
56.63	0.006113	0.054572	10.569761	31.567015	-578.592455	-335.256747
57.14	0.006087	0.054182	10.569662	28.656815	-513.891919	-337.442412
57.65	0.006109	0.053916	10.569947	27.984251	-491.836208	-331.171899
58.16	0.006081	0.053705	10.570438	25.662607	-427.056336	-320.358041
58.67	0.006102	0.053593	10.570813	25.173336	-407.141154	-312.104534
59.18	0.006083	0.053507	10.570791	23.105794	-360.053900	-312.588021
59.69	0.006104	0.053477	10.570601	24.160153	-388.721819	-316.782287
60.20	0.006083	0.053445	10.570408	23.384241	-375.317308	-321.033564
60.71	0.006100	0.053452	10.570812	24.699312	-396.263312	-312.136990
61.22	0.006079	0.053414	10.571132	23.744178	-366.892173	-305.093086
61.73	0.006096	0.053404	10.571370	23.853060	-363.920345	-299.867353
62.24	0.006082	0.053359	10.571054	21.888869	-325.979119	-306.805847
62.75	0.006098	0.053331	10.571365	22.681172	-337.054987	-299.973331
63.26	0.006079	0.053275	10.571758	21.026066	-289.885134	-291.321521
63.77	0.006094	0.053244	10.570974	22.226600	-335.614298	-308.580803
64.28	0.006100	0.053169	10.570719	21.833512	-332.438620	-314.183152
64.79	0.006213	0.053126	10.571121	22.794784	-345.290011	-305.334005
65.30	0.006473	0.053060	10.571144	21.334214	-311.131479	-304.822035
65.81	0.007098	0.053035	10.571031	21.976540	-328.545316	-307.328629
66.32	0.008131	0.053010	10.571481	20.302549	-279.628998	-297.425551
66.83	0.009579	0.053042	10.571226	21.967572	-323.839287	-303.036444
67.34	0.011075	0.053063	10.571327	21.686835	-315.027788	-300.795683
67.85	0.012229	0.053122	10.571949	23.744801	-348.060502	-287.115786
68.36	0.012727	0.053150	10.571388	23.124391	-346.728035	-299.468042
68.87	0.012545	0.053203	10.571556	23.932151	-361.448387	-295.772604
69.38	0.011834	0.053211	10.571006	22.314119	-336.890902	-307.876772
69.89	0.010872	0.053233	10.570839	22.536730	-345.857247	-311.541586
70.40	0.009860	0.053224	10.570847	21.114890	-312.951849	-311.374546
70.91	0.008987	0.053238	10.571011	22.697248	-345.591830	-307.763667
71.42	0.008262	0.053215	10.571903	21.926765	-307.275069	-288.131824
71.93	0.007750	0.053221	10.572385	23.676772	-336.437611	-277.522456
72.44	0.007346	0.053201	10.572087	22.617755	-318.934087	-284.080267
72.95	0.007090	0.053211	10.571618	23.172120	-342.520178	-294.406086
73.46	0.006878	0.053185	10.571684	21.503007	-302.572506	-292.951134
73.97	0.006753	0.053186	10.571968	22.514755	-319.317690	-286.707914
74.48	0.006637	0.053162	10.572152	21.638967	-294.901808	-282.648524
74.99	0.006575	0.053164	10.572086	22.900803	-325.489284	-284.117970
75.50	0.006507	0.053142	10.572347	22.797710	-317.094728	-278.374123
76.01	0.006483	0.053142	10.572669	23.727281	-331.062774	-271.286269
76.52	0.006431	0.053119	10.573124	22.981306	-303.384043	-261.263945
77.03	0.006431	0.053117	10.572815	23.396370	-320.071948	-268.068408
77.55	0.006387	0.053093	10.571979	22.001272	-307.242607	-286.464793
78.06	0.006393	0.053113	10.571703	23.136368	-339.724836	-292.524653
78.57	0.006365	0.053108	10.572057	22.157915	-309.045331	-284.744745
79.08	0.006368	0.053125	10.571579	23.201410	-344.093660	-295.263876
79.59	0.006351	0.053111	10.570991	22.228282	-335.252949	-308.199170
80.10	0.006366	0.053110	10.571584	23.262290	-345.367684	-295.142330
80.61	0.006353	0.053084	10.572288	21.716889	-293.575374	-279.672185
81.12	0.006380	0.053087	10.572344	22.430182	-308.701429	-278.438103
81.63	0.006369	0.053065	10.572198	21.585670	-292.615765	-281.638195
82.14	0.006396	0.053086	10.572714	22.787813	-308.392322	-270.290190
82.65	0.006379	0.053099	10.572259	22.284617	-307.301867	-280.299455
83.16	0.006408	0.053163	10.572284	24.057787	-347.541962	-279.748425
83.67	0.006396	0.053201	10.572647	23.537701	-327.201238	-271.765637
84.18	0.006417	0.053252	10.572186	24.983192	-371.110908	-281.910383
84.69	0.006397	0.053265	10.572023	24.172376	-356.200316	-285.491451
85.20	0.006421	0.053284	10.572172	25.626133	-386.225116	-282.209842
85.71	0.006408	0.053268	10.572182	24.507136	-360.249814	-282.003439
86.22	0.006432	0.053263	10.572110	25.706595	-389.522604	-283.588505
86.73	0.006395	0.053203	10.572189	23.825634	-344.396886	-281.846065
87.24	0.006373	0.053166	10.572752	25.071058	-360.084864	-269.463183
87.75	0.006293	0.053096	10.573260	22.858428	-297.423901	-258.276757
88.26	0.006213	0.053046	10.573376	23.953318	-319.944738	-255.717268
88.77	0.006143	0.053007	10.572895	22.199172	-290.667159	-266.307786
89.28	0.006189	0.053081	10.573195	23.936388	-323.739956	-259.709317
89.79	0.006260	0.053223	10.573295	23.967588	-322.160218	-257.517292
90.30	0.006270	0.053380	10.573070	26.628035	-388.573586	-262.449731
90.81	0.006271	0.053387	10.573720	25.614793	-350.266067	-248.157335
91.32	0.006315	0.053288	10.573188	26.455892	-381.909505	-259.872835
91.83	0.006344	0.053136	10.571693	24.135290	-362.960998	-292.754869
92.34	0.006344	0.053021	10.571859	24.983245	-378.662105	-289.112343
92.85	0.006355	0.052902	10.572838	22.919836	-308.578931	-267.569149
93.36	0.006355	0.052856	10.572640	23.773398	-332.779554	-271.911252
93.87	0.006365	0.052826	10.572210	22.324436	-309.346180	-281.375177
94.38	0.006371	0.052856	10.572829	23.731893	-327.480044	-267.767413
94.89	0.006378	0.052848	10.573171	22.701876	-295.866659	-260.228949
95.40	0.006384	0.052840	10.572764	23.907200	-333.014056	-269.196854
95.91	0.006384	0.052813	10.572063	22.711857	-321.663141	-284.617177
96.42	0.006396	0.052846	10.572152	23.758343	-343.697088	-282.656140
96.93	0.006396	0.052881	10.573530	23.053790	-295.708675	-252.350709
97.44	0.006403	0.052951	10.573547	24.646595	-331.964555	-251.959676
97.95	0.006408	0.052962	10.572528	23.817090	-336.387687	-274.393658
98.46	0.006411	0.052953	10.571745	23.410497	-345.073911	-291.607690
98.97	0.006411	0.052902	10.567505	16.462179	-282.917942	-384.891920
99.48	0.006413	0.052893	10.563449	2.171059	-47.476070	-474.115249
99.99	0.006415	0.052928	10.557944	-27.574209	510.282440	-595.230099
100.50	0.006418	0.053038	10.549584	-66.495971	1213.435412	-779.155079
101.01	0.006418	0.053154	10.542120	-107.073997	1975.393508	-943.354755
101.52	0.006418	0.053301	10.536530	-137.769725	2553.070188	-1066.340287
102.03	0.006418	0.053419	10.532471	-156.282272	2885.608950	-1155.638901
102.54	0.006418	0.053578	10.529802	-162.887611	2976.113696	-1214.349753
103.06	0.006418	0.053753	10.527791	-159.765090	2857.859174	-1258.587256
103.57	0.006418	0.054006	10.526204	-148.142166	2553.686365	-1293.516462
104.08	0.006418	0.054245	10.525789	-130.404587	2135.815955	-1302.633324
104.59	0.006418	0.054470	10.526907	-108.119306	1648.583042	-1278.054401
105.10	0.006418	0.054581	10.529486	-85.242149	1181.454492	-1221.301084
105.61	0.006418	0.054621	10.531755	-62.831546	717.891469	-1171.391451
106.12	0.006418	0.054571	10.534861	-44.906722	376.909484	-1103.052402
106.63	0.006419	0.054549	10.537376	-28.886806	66.141879	-1047.720787
107.14	0.006434	0.054542	10.538143	-17.770088	-172.090730	-1030.864858
107.65	0.006441	0.054594	10.538971	-7.554163	-388.156231	-1012.643755
108.16	0.006449	0.054637	10.540627	-1.189961	-496.463894	-976.210214
108.67	0.006477	0.054706	10.541635	5.166808	-619.538510	-954.026169
109.18	0.006508	0.054722	10.542381	8.501095	-679.097969	-937.624061
109.69	0.006512	0.054759	10.543203	12.364395	-749.066067	-919.534444
110.20	0.007395	0.054769	10.542638	13.725344	-793.430209	-931.969151
110.71	0.016386	0.054828	10.542439	16.917948	-871.507320	-936.342288
111.22	0.060017	0.054880	10.542760	17.269164	-872.197681	-929.288629
111.73	0.149119	0.054977	10.541562	20.342197	-970.563213	-955.640588
112.24	0.149119	0.055050	10.540234	20.502672	-1004.886164	-984.857630
112.75	0.149119	0.055136	10.541118	22.667111	-1034.308818	-965.396075
113.26	0.149119	0.055184	10.542254	22.804903	-1011.283562	-940.406443
113.77	0.149119	0.055249	10.542623	24.185616	-1034.561456	-932.292856
114.28	0.149119	0.055268	10.542501	23.436861	-1020.137298	-934.975185
114.79	0.149119	0.055293	10.542281	24.380353	-1046.942007	-939.826585
115.30	0.149119	0.055275	10.542487	22.697509	-1003.454365	-935.296348
115.81	0.149119	0.055274	10.543082	23.306369	-1003.727868	-922.187543
116.32	0.149119	0.055245	10.542992	21.572401	-965.908503	-924.186931
116.83	0.149119	0.055237	10.542689	22.485241	-993.889244	-930.833243
117.34	0.149119	0.055198	10.542365	20.616999	-958.370411	-937.975568
117.85	0.149119	0.055167	10.542545	21.105678	-965.469918	-934.017132
118.36	0.149119	0.055094	10.541975	19.434307	-940.127814	-946.544069
118.87	0.149119	0.055049	10.542520	20.251838	-946.383197	-934.559302
119.38	0.149119	0.054986	10.542404	18.541617	-909.679294	-937.101284
119.89	0.149119	0.054978	10.541363	19.192379	-948.689962	-960.023941
120.40	0.149119	0.054972	10.541773	17.820397	-907.645345	-950.998033
120.91	0.149119	0.055004	10.542247	20.075379	-948.617115	-940.565033
121.42	0.149119	0.054998	10.541475	21.279514	-994.145253	-957.553478
121.93	0.149119	0.055020	10.540878	26.027140	-1117.189452	-970.674909
122.44	0.100400	0.055003	10.541312	30.564592	-1211.634585	-961.130649
122.95	0.063615	0.055026	10.541357	34.957952	-1311.743190	-960.152846
123.46	0.035550	0.055031	10.542037	32.188891	-1232.305572	-945.181524
123.97	0.014904	0.055060	10.542016	28.211836	-1141.252295	-945.655777
124.48	0.000640	0.055054	10.541854	27.584921	-1130.556777	-949.219417
124.99	0.000000	0.055062	10.542054	27.567059	-1125.514603	-944.801876
125.50	0.000000	0.055037	10.542069	24.873887	-1063.176078	-944.475041
126.01	0.000000	0.055029	10.541566	23.121082	-1034.438552	-955.551263
126.52	0.000000	0.054997	10.540573	22.914290	-1052.569478	-977.387311
127.03	0.000000	0.054980	10.541046	22.192610	-1025.051876	-966.985176
127.54	0.000000	0.054939	10.541402	21.923120	-1010.649378	-959.164177
128.05	0.000000	0.054921	10.540928	21.221199	-1005.415798	-969.585031
128.56	0.000000	0.054881	10.540764	20.635223	-995.702359	-973.186517
129.08	0.000000	0.054866	10.540889	20.129478	-981.178415	-970.437496
129.59	-0.003550	0.054834	10.541516	19.576048	-953.978273	-956.643674
130.10	0.001058	0.054828	10.541343	19.538142	-957.103741	-960.457423
130.61	0.004710	0.054798	10.541069	18.670649	-943.445897	-966.478040
131.12	0.007216	0.054807	10.540999	18.729226	-946.401393	-968.011049
131.63	0.008355	0.054790	10.540981	18.225130	-935.235130	-968.428726
132.14	0.008113	0.054798	10.540235	18.032958	-947.997285	-984.822428
132.65	0.006507	0.054773	10.540428	17.688360	-935.623622	-980.585993
133.16	0.003819	0.054780	10.540633	17.735638	-931.989983	-976.081701
133.67	0.000270	0.054750	10.541335	17.430799	-908.780641	-960.636022
134.18	-0.003786	0.054747	10.541631	17.299121	-898.922118	-954.123376
134.69	-0.007908	0.054711	10.541393	16.893263	-895.069879	-959.360781
135.20	-0.011552	0.054689	10.542119	16.750302	-875.025205	-943.379267
135.71	-0.014487	0.054629	10.543566	16.359298	-832.656404	-911.549359
136.22	-0.016459	0.054578	10.544635	16.029286	-800.414601	-888.040317
136.73	-0.017379	0.054495	10.545557	15.493611	-766.820017	-867.756939
137.24	-0.017180	0.054428	10.545659	15.056124	-754.391138	-865.507557
137.75	-0.015964	0.054349	10.546009	14.543264	-734.512147	-857.806559
138.26	-0.013857	0.054300	10.546393	14.223484	-718.299791	-849.363422
138.77	-0.011160	0.054229	10.546232	13.767724	-711.513946	-852.898196
139.28	-0.008065	0.054180	10.545803	13.450250	-714.092444	-862.329107
139.79	-0.004877	0.054107	10.546615	12.974152	-684.414371	-844.473481
140.30	-0.001954	0.054059	10.546250	12.659967	-685.591138	-852.495048
140.81	0.000428	0.053995	10.545098	12.187098	-701.279258	-877.843572
141.32	0.002132	0.053972	10.544671	11.230615	-689.108064	-887.236403
141.83	0.003052	0.053934	10.545065	10.592500	-665.322524	-878.559352
142.34	0.003240	0.053944	10.545931	10.258797	-637.668119	-859.507294
142.85	0.002700	0.053936	10.546729	8.676761	-582.863976	-841.968595
143.36	0.001576	0.053948	10.546796	7.088636	-544.748025	-840.482549
143.87	0.000029	0.053936	10.546729	6.789519	-539.423706	-841.971842
144.38	-0.001732	0.053928	10.546665	-34.421291	407.764000	-843.375083
144.89	-0.003601	0.053904	10.547242	-201.230992	4260.973698	-830.681028
145.40	-0.005503	0.053907	10.547951	-300.874350	6571.084490	-815.080127
145.91	-0.006605	0.053894	10.547818	-323.240506	7082.887890	-817.997036
146.42	-0.008027	0.053898	10.547216	-323.239522	7068.972089	-831.249789
146.93	-0.008405	0.053808	10.547723	-323.264669	7081.243456	-820.096269
147.44	-0.008562	0.053545	10.548412	-323.338007	7098.830260	-804.930502
147.95	-0.008272	0.052833	10.549283	-323.536884	7123.494029	-785.770663
148.46	-0.007722	0.051423	10.549543	-323.931033	7138.550179	-780.063483
148.97	-0.006673	0.048986	10.550689	-324.611885	7180.663473	-754.841923
149.48	-0.005555	0.045483	10.550536	-325.590794	7199.671489	-758.205535
149.99	-0.004616	0.040996	10.545723	-326.844524	7117.518154	-864.102141
150.50	-0.003398	0.035868	10.544932	-328.277431	7132.272189	-881.492775
151.01	-0.002437	0.030434	10.548772	-329.795910	7255.779761	-797.021895
151.52	-0.001877	0.025111	10.553194	-331.283338	7392.007059	-699.735762
152.03	-0.001244	0.020090	10.560639	-332.686404	7596.009834	-535.945817
152.54	-0.001062	0.015627	10.561319	-333.933428	7640.413195	-520.972085
153.05	-0.001239	0.011761	10.558590	-335.013653	7602.337174	-581.013176
153.56	-0.001205	0.008584	10.559982	-335.901442	7654.871993	-550.394534
154.07	-0.001547	0.006012	10.559973	-336.620051	7671.198087	-550.600618
154.59	-0.002003	0.004047	10.559977	-337.169089	7683.932687	-550.509089
155.10	-0.002221	0.002548	10.557388	-337.588056	7633.875420	-607.458902
155.61	-0.002824	0.001473	10.562687	-337.888531	7763.001461	-490.882919
156.12	-0.002890	0.000680	10.562629	-338.109985	7766.749780	-492.170179
156.63	-0.003351	0.000143	10.564881	-338.240729	7821.714801	-442.609729
157.14	-0.003419	-0.000255	10.564860	-338.467094	7826.433425	-443.079257
157.65	-0.003592	-0.000514	10.562073	-338.901933	7772.174306	-504.385740
158.16	-0.003765	-0.000716	10.564346	-340.301083	7856.807025	-454.377493
158.67	-0.003633	-0.000826	10.564893	-392.077393	9061.291613	-442.347172
159.18	-0.003878	-0.000932	10.564914	-Inf	Inf	-441.892707
159.69	-0.003724	-0.000979	10.564903	-Inf	Inf	-442.131018
160.20	-0.003868	-0.001022	10.564896	-Inf	Inf	-442.294009
160.71	-0.003729	-0.001032	10.564897	-Inf	Inf	-442.275695
161.22	-0.003633	-0.001043	10.562021	-Inf	Inf	-505.532338
161.73	-0.003418	-0.001029	10.562833	-Inf	Inf	-487.673194
162.24	-0.003454	-0.001021	10.561935	-Inf	Inf	-507.426285
162.75	-0.003118	-0.000973	10.560089	-Inf	Inf	-548.031906
163.26	-0.002886	-0.000941	10.560119	-Inf	Inf	-547.377952
163.77	-0.002530	-0.000870	10.560099	-328.091986	7477.796277	-547.823476
164.28	-0.002284	-0.000830	10.560097	-370.989026	8465.229553	-547.863457
164.79	-0.001939	-0.000776	10.560091	-345.168454	7870.706355	-547.999342
165.30	-0.001714	-0.000757	10.560090	-342.673171	7813.249368	-548.015015
165.81	-0.001515	-0.000734	10.560074	-341.959350	7796.439258	-548.375792
166.32	-0.001365	-0.000754	10.560072	-342.172379	7801.293796	-548.422826
166.83	-0.001344	-0.000761	10.560070	-343.173939	7824.302414	-548.467602
167.34	-0.001448	-0.000812	10.560067	-347.163968	7916.090127	-548.526170
167.85	-0.001601	-0.000836	10.560073	-467.584778	10688.285952	-548.383116
168.36	-0.001880	-0.000886	10.560087	-328.548224	7488.013355	-548.095679
168.87	-0.002225	-0.000917	10.560111	-333.467439	7601.807858	-547.565446
169.38	-0.002514	-0.000963	10.562502	-334.825515	7688.217273	-494.960483
169.89	-0.002876	-0.000974	10.561493	-335.497162	7680.401313	-517.164578
170.40	-0.003133	-0.001014	10.560105	-335.732974	7653.826956	-547.692086
170.91	-0.003355	-0.001033	10.560102	-335.823942	7655.849749	-547.760053
171.42	-0.003449	-0.001071	10.560101	-335.701720	7653.024920	-547.770852
171.93	-0.003463	-0.001074	10.560094	-335.496468	7648.134067	-547.929217
172.44	-0.003298	-0.001093	10.560082	-335.012796	7636.723557	-548.193016
172.95	-0.003121	-0.001056	10.560094	-334.357618	7621.914398	-547.932782
173.46	-0.002799	-0.001016	10.560099	-333.051021	7591.952079	-547.822998
173.97	-0.002469	-0.000940	10.560087	-330.267691	7527.616454	-548.075129
174.48	-0.002087	-0.000881	10.560090	-319.512364	7280.085577	-548.024510
174.99	-0.001744	-0.000808	10.560085	-416.884899	9521.453769	-548.133496
175.50	-0.001419	-0.000785	10.560078	-353.643989	8065.504087	-548.291413
176.01	-0.001185	-0.000755	10.560083	-348.609183	7949.723190	-548.178267
176.52	-0.001049	-0.000771	10.566805	-348.213105	8095.636296	-400.293718
177.03	-0.000984	-0.000779	10.578167	-350.316803	8406.107498	-150.327864
177.54	-0.001053	-0.000821	10.578428	-360.005361	8635.167725	-144.573010
178.05	-0.001184	-0.000849	10.577681	-1554.141603	36106.536915	-161.017009
178.56	-0.001390	-0.000881	10.578063	-317.091998	7638.880605	-152.620335
179.07	-0.001655	-0.000876	10.570926	-328.160695	7729.081386	-309.630081
179.58	-0.001899	-0.000863	10.561718	-331.764633	7599.685190	-512.199094
180.09	-0.002185	-0.000810	10.491515	-333.191710	6013.430485	-2056.672082
180.61	-0.002385	-0.000768	10.493161	-334.315403	6077.260224	-2020.459269
181.12	-0.002564	-0.000694	10.493006	-334.860637	6086.231675	-2023.873918
181.63	-0.002631	-0.000646	10.485690	-335.158229	5924.352676	-2184.825801
182.14	-0.002657	-0.000586	10.485019	-335.348921	5913.279772	-2199.575635
182.65	-0.002560	-0.000570	10.485031	-335.224823	5910.689097	-2199.321866
183.16	-0.002447	-0.000538	10.485033	-334.939108	5904.166263	-2199.270145
183.67	-0.002214	-0.000564	10.485038	-334.067871	5884.227669	-2199.158559
184.18	-0.002011	-0.000558	10.485036	-333.258430	5865.554051	-2199.197261
184.69	-0.001753	-0.000594	10.485029	-331.020987	5813.880570	-2199.357791
185.20	-0.001551	-0.000573	10.487192	-328.495667	5805.628552	-2151.777019
185.71	-0.001341	-0.000601	10.487499	-324.950906	5731.108059	-2145.024629
186.22	-0.001216	-0.000547	10.490606	-319.975240	5688.238657	-2076.659456
186.73	-0.001117	-0.000569	10.485666	-315.966933	5482.022405	-2185.353505
187.24	-0.001099	-0.000494	10.483927	-321.666135	5573.121476	-2223.599965
187.75	-0.001133	-0.000516	10.484932	-320.446422	5568.214735	-2201.497366
188.26	-0.001225	-0.000453	10.486999	-326.108498	5746.219764	-2156.028553
188.77	-0.001338	-0.000468	10.486888	-328.575740	5800.453778	-2158.471571
189.28	-0.001498	-0.000398	10.484418	-330.837855	5795.561635	-2212.811006
189.79	-0.001639	-0.000408	10.489099	-332.280299	5936.735499	-2109.818538
190.30	-0.001786	-0.000359	10.495116	-333.129775	6095.058187	-1977.447008
190.81	-0.001897	-0.000380	10.495128	-333.573462	6105.544559	-1977.186726
191.32	-0.001993	-0.000355	10.495357	-333.977431	6120.135689	-1972.138762
191.83	-0.002009	-0.000381	10.502606	-333.882447	6285.135634	-1812.658756
192.34	-0.002029	-0.000354	10.509827	-334.383796	6463.216350	-1653.795568
192.85	-0.001968	-0.000365	10.498670	-334.113171	6199.661501	-1899.259342
193.36	-0.001907	-0.000335	10.490380	-334.699825	6021.975958	-2081.636573
193.87	-0.001780	-0.000335	10.485960	-334.555504	5916.707050	-2178.884027
194.38	-0.001680	-0.000317	10.485829	-334.884775	5921.262100	-2181.769260
194.89	-0.001541	-0.000340	10.483876	-334.497914	5867.326995	-2224.723335
195.40	-0.001437	-0.000352	10.484886	-334.261498	5885.176285	-2202.505434
195.91	-0.001326	-0.000397	10.484861	-333.464887	5866.249763	-2203.067110
196.42	-0.001263	-0.000430	10.484865	-333.117261	5858.340162	-2202.978744
196.93	-0.001208	-0.000490	10.484891	-331.758714	5827.684971	-2202.389140
197.44	-0.001212	-0.000534	10.484891	-330.584691	5800.644470	-2202.403347
197.95	-0.001205	-0.000598	10.484892	-328.447909	5751.487343	-2202.373897
198.46	-0.001248	-0.000632	10.484913	-326.763377	5713.189779	-2201.916236
198.97	-0.001290	-0.000681	10.484916	-323.665941	5641.960252	-2201.847172
199.48	-0.001370	-0.000677	10.484909	-321.842143	5599.815780	-2202.001019
199.99	-0.001429	-0.000673	10.484908	-319.780549	5552.329406	-2202.028845
200.50	-0.001509	-0.000622	10.499030	-319.311671	5867.227548	-1891.350023
201.01	-0.001554	-0.000588	10.487309	-320.067830	5614.331620	-2149.192917
201.52	-0.001599	-0.000524	10.488111	-323.220482	5705.388040	-2131.561460
202.03	-0.001597	-0.000506	10.495017	-325.140201	5908.852966	-1979.629506
202.54	-0.001608	-0.000453	10.492203	-328.270764	5916.017879	-2041.537539
203.05	-0.001566	-0.000438	10.482999	-330.092115	5745.666575	-2244.030779
203.56	-0.001540	-0.000396	10.496571	-331.737244	6096.560362	-1945.436093
204.07	-0.001470	-0.000400	10.505869	-332.498741	6328.519179	-1740.890780
204.58	-0.001419	-0.000378	10.507393	-333.268003	6381.387274	-1707.351523
205.09	-0.001337	-0.000381	10.508500	-333.573045	6413.931068	-1683.006122
205.60	-0.001289	-0.000351	10.512232	-334.066003	6511.364443	-1600.888581
206.12	-0.001214	-0.000359	10.512540	-333.983867	6516.569145	-1594.120203
206.63	-0.001189	-0.000355	10.513074	-333.820887	6525.126924	-1582.378093
207.14	-0.001147	-0.000382	10.511739	-333.204853	6480.169160	-1611.736300
207.65	-0.001154	-0.000391	10.511582	-332.480569	6459.865971	-1615.199376
208.16	-0.001153	-0.000421	10.501648	-331.193995	6201.147339	-1833.741061
208.67	-0.001183	-0.000422	10.504141	-329.879992	6228.399352	-1778.891619
209.18	-0.001192	-0.000445	10.498726	-327.673730	6052.721187	-1898.025548
209.69	-0.001241	-0.000434	10.500936	-325.560467	6055.050109	-1849.399739
210.20	-0.001249	-0.000448	10.497796	-322.547756	5913.278221	-1918.481847
210.71	-0.001294	-0.000427	10.490256	-321.322709	5711.176139	-2084.367783
211.22	-0.001300	-0.000435	10.484935	-319.887715	5555.430495	-2201.423931
211.73	-0.001313	-0.000418	10.484500	-321.748307	5588.210584	-2211.010777
212.24	-0.001309	-0.000433	10.485284	-323.057037	5636.439929	-2193.742381
212.75	-0.001313	-0.000434	10.485103	-325.289237	5683.635667	-2197.738044
213.26	-0.001282	-0.000458	10.485088	-326.759615	5717.152636	-2198.053432
213.77	-0.001275	-0.000450	10.485083	-328.429369	5755.467129	-2198.170467
214.28	-0.001225	-0.000475	10.485084	-329.242204	5774.203102	-2198.146805
214.79	-0.001214	-0.000480	10.485081	-329.913503	5789.578353	-2198.221045
215.30	-0.001169	-0.000512	10.485080	-329.979873	5791.084696	-2198.241519
215.81	-0.001155	-0.000517	10.485079	-330.117211	5794.221720	-2198.264861
216.32	-0.001112	-0.000523	10.485080	-330.093143	5793.704465	-2198.229769
216.83	-0.001111	-0.000484	10.485080	-330.418599	5801.182836	-2198.242649
217.34	-0.001083	-0.000436	10.485079	-330.867142	5811.495926	-2198.254312
217.85	-0.001095	-0.000357	10.485084	-331.585252	5828.136811	-2198.149161
218.36	-0.001077	-0.000287	10.485089	-332.360643	5846.093188	-2198.046946
218.87	-0.001095	-0.000224	10.485097	-332.971127	5860.330431	-2197.871327
219.38	-0.001088	-0.000216	10.485087	-332.486541	5848.961610	-2198.075291
219.89	-0.001115	-0.000211	10.485092	-331.757460	5832.282382	-2197.976119
220.40	-0.001115	-0.000254	10.485123	-329.600004	5783.335474	-2197.292174
220.91	-0.001134	-0.000270	10.485097	-328.219875	5750.963506	-2197.866296
221.42	-0.001121	-0.000308	10.485099	-326.634359	5714.519041	-2197.815192
221.93	-0.001138	-0.000306	10.485090	-327.063469	5724.186793	-2198.015722
222.44	-0.001123	-0.000310	10.485091	-327.740841	5739.802244	-2197.994187
222.95	-0.001129	-0.000287	10.485097	-329.363952	5777.295399	-2197.870454
223.46	-0.001107	-0.000279	10.485683	-330.545560	5818.013571	-2184.975605
223.97	-0.001103	-0.000253	10.484565	-331.877037	5822.882712	-2209.568243
224.48	-0.001076	-0.000266	10.490991	-332.105372	5976.351680	-2068.187332
224.99	-0.001079	-0.000263	10.486063	-332.520939	5872.246471	-2176.619060
225.50	-0.001045	-0.000298	10.484882	-332.063207	5834.486364	-2202.587482
226.01	-0.001049	-0.000307	10.484905	-331.923298	5831.777774	-2202.099035
226.52	-0.001027	-0.000344	10.484898	-331.242848	5815.951800	-2202.253791
227.03	-0.001037	-0.000350	10.484900	-330.887026	5807.812702	-2202.204382
227.54	-0.001018	-0.000369	10.484896	-330.234302	5792.708688	-2202.279300
228.05	-0.001032	-0.000352	10.484905	-330.062508	5788.958879	-2202.083894
228.56	-0.001022	-0.000355	10.484919	-329.499178	5776.311160	-2201.778714
229.07	-0.001039	-0.000341	10.484923	-329.081133	5766.775051	-2201.695586
229.58	-0.001029	-0.000372	10.484925	-327.501824	5730.476897	-2201.641205
230.09	-0.001049	-0.000397	10.484930	-325.815329	5691.756168	-2201.544095
230.60	-0.001037	-0.000465	10.484930	-322.955707	5625.944164	-2201.529292
231.11	-0.001049	-0.000513	10.484930	-320.592661	5571.544798	-2201.532012
231.62	-0.001033	-0.000568	10.484931	-318.775815	5529.734476	-2201.519754
232.14	-0.001044	-0.000574	10.484933	-318.470639	5522.766219	-2201.465572
232.65	-0.001029	-0.000583	10.484934	-318.850457	5531.533871	-2201.442325
233.16	-0.001032	-0.000558	10.484932	-320.265424	5564.048225	-2201.497376
233.67	-0.001009	-0.000556	10.484930	-321.404813	5590.239482	-2201.532755
234.18	-0.001017	-0.000520	10.484928	-323.139354	5630.108795	-2201.589242
234.69	-0.000991	-0.000507	10.484926	-324.287760	5656.498833	-2201.633020
235.20	-0.000998	-0.000460	10.484927	-325.968385	5695.221459	-2201.599431
235.71	-0.000980	-0.000446	10.484930	-326.686659	5711.813658	-2201.544315
236.22	-0.000983	-0.000405	10.484931	-327.723449	5735.713548	-2201.512512
236.73	-0.000969	-0.000398	10.484931	-327.997402	5742.022604	-2201.509873
237.24	-0.000974	-0.000367	10.484931	-328.526247	5754.191118	-2201.514959
237.75	-0.000958	-0.000371	10.484928	-328.256593	5747.912975	-2201.582498
238.26	-0.000968	-0.000345	10.484925	-328.527324	5754.084232	-2201.640567
238.77	-0.000946	-0.000347	10.484922	-328.110000	5744.409388	-2201.705603
239.28	-0.000958	-0.000326	10.484925	-328.145053	5745.265785	-2201.658388
239.79	-0.000944	-0.000338	10.484921	-327.380684	5727.590253	-2201.734739
240.30	-0.000950	-0.000344	10.484909	-326.484651	5706.678218	-2202.007223
240.81	-0.000936	-0.000386	10.484907	-324.775135	5667.283943	-2202.047103
241.32	-0.000944	-0.000415	10.493248	-323.230000	5824.087581	-2018.542361
241.83	-0.000924	-0.000465	10.494626	-321.519539	5816.498257	-1988.222587
242.34	-0.000935	-0.000479	10.494290	-320.997092	5796.709288	-1995.627187
242.85	-0.000915	-0.000488	10.502766	-321.105892	5994.713971	-1809.138599
243.36	-0.000923	-0.000446	10.493854	-322.728396	5826.509090	-2005.217964
243.87	-0.000909	-0.000418	10.495753	-324.280102	5906.033612	-1963.432359
244.38	-0.000917	-0.000369	10.511527	-325.995012	6309.302764	-1616.408827
244.89	-0.000902	-0.000356	10.512490	-326.850914	6351.219647	-1595.218498
245.40	-0.000910	-0.000328	10.514879	-327.799602	6428.146565	-1542.669348
245.91	-0.000894	-0.000341	10.503330	-327.484969	6154.566462	-1796.729902
246.42	-0.000898	-0.000329	10.492752	-327.816794	5918.224044	-2029.464544
246.93	-0.000875	-0.000355	10.493000	-327.028228	5905.798511	-2024.001532
247.44	-0.000882	-0.000356	10.493571	-326.743403	5912.403112	-2011.447017
247.95	-0.000858	-0.000390	10.495018	-325.569364	5918.762051	-1979.600988
248.46	-0.000863	-0.000406	10.495035	-324.499733	5894.526441	-1979.231890
248.97	-0.000845	-0.000452	10.495093	-322.793511	5856.582595	-1977.960533
249.48	-0.000852	-0.000466	10.484910	-321.674287	5595.983297	-2201.970964
249.99	-0.000834	-0.000493	10.484910	-320.528476	5569.600727	-2201.977067
250.50	-0.000842	-0.000489	10.484905	-319.985247	5556.980436	-2202.087090
251.01	-0.000824	-0.000499	10.484895	-319.607061	5548.048982	-2202.302420
251.52	-0.000833	-0.000493	10.484897	-319.348507	5542.127530	-2202.273449
252.03	-0.000826	-0.000526	10.484908	-318.288226	5517.986721	-2202.019247
252.54	-0.000834	-0.000527	10.484922	-317.935343	5510.171117	-2201.725772
253.05	-0.000821	-0.000558	10.484919	-317.048526	5489.707218	-2201.773170
253.56	-0.000830	-0.000558	10.484920	-316.926569	5486.907603	-2201.765720
254.07	-0.000814	-0.000571	10.484924	-316.949085	5487.515523	-2201.680258
254.58	-0.000820	-0.000548	10.484921	-317.837877	5507.920986	-2201.731975
255.09	-0.000808	-0.000529	10.484922	-318.869018	5531.683184	-2201.707472
255.60	-0.000818	-0.000465	10.484920	-321.000035	5580.672097	-2201.770791
256.11	-0.000801	-0.000442	10.484920	-322.132462	5606.749191	-2201.762187
256.62	-0.000810	-0.000398	10.484917	-323.532496	5638.910301	-2201.826279
257.13	-0.000789	-0.000406	10.484913	-323.330835	5634.165779	-2201.923926
257.65	-0.000787	-0.000394	10.484920	-323.470455	5637.544802	-2201.766518
258.16	-0.000772	-0.000407	10.484918	-322.906936	5624.531123	-2201.806262
258.67	-0.000781	-0.000397	10.484920	-322.933842	5625.206265	-2201.753056
259.18	-0.000766	-0.000407	10.484915	-322.575612	5616.838676	-2201.868709
259.69	-0.000773	-0.000381	10.484921	-323.102932	5629.103759	-2201.748195
260.20	-0.000764	-0.000382	10.484922	-323.137471	5629.937142	-2201.711636
260.71	-0.000769	-0.000348	10.484923	-324.158349	5653.445986	-2201.703458
261.22	-0.000753	-0.000340	10.484921	-324.655555	5664.845837	-2201.747015
261.73	-0.000764	-0.000316	10.484920	-325.352232	5680.872093	-2201.757519
262.24	-0.000751	-0.000320	10.484916	-325.376731	5681.337172	-2201.851834
262.75	-0.000759	-0.000292	10.484908	-326.383916	5704.346318	-2202.019642
263.26	-0.000742	-0.000300	10.484910	-326.268697	5701.725925	-2201.989210
263.77	-0.000749	-0.000278	10.484884	-327.036004	5718.796333	-2202.554607
264.28	-0.000733	-0.000291	10.484914	-326.743459	5712.754433	-2201.894148
264.79	-0.000744	-0.000268	10.484928	-327.515039	5730.846410	-2201.578912
265.30	-0.000736	-0.000281	10.484926	-327.126451	5721.849914	-2201.627883
265.81	-0.000746	-0.000267	10.484923	-327.534419	5731.182397	-2201.683959
266.32	-0.000739	-0.000282	10.484925	-327.053756	5720.156813	-2201.646651
266.83	-0.000748	-0.000271	10.484912	-327.343268	5726.518656	-2201.935326
267.34	-0.000736	-0.000277	10.484922	-327.137912	5722.018605	-2201.718636
267.85	-0.000744	-0.000249	10.484926	-328.032266	5742.696298	-2201.632812
268.36	-0.000734	-0.000261	10.484923	-327.619268	5733.133684	-2201.685776
268.87	-0.000746	-0.000252	10.484931	-327.693782	5735.034149	-2201.509140
269.38	-0.000730	-0.000282	10.484932	-326.518104	5707.994390	-2201.486299
269.89	-0.000737	-0.000281	10.484932	-326.352361	5704.174229	-2201.490897
270.40	-0.000723	-0.000301	10.484935	-325.543400	5685.606165	-2201.439434
270.91	-0.000728	-0.000264	10.484932	-326.957667	5718.101742	-2201.497026
271.42	-0.000708	-0.000247	10.484933	-327.734378	5736.007784	-2201.471813
271.93	-0.000715	-0.000192	10.484934	-329.955946	5787.177522	-2201.443200
272.44	-0.000702	-0.000171	10.484932	-330.936079	5809.688592	-2201.492081
272.95	-0.000711	-0.000140	10.484932	-332.120706	5836.946409	-2201.503443
273.46	-0.000699	-0.000144	10.484928	-332.021227	5834.560702	-2201.594762
273.97	-0.000706	-0.000149	10.484918	-331.707863	5827.124891	-2201.806795
274.48	-0.000693	-0.000196	10.484932	-329.719156	5781.669342	-2201.497900
274.99	-0.000704	-0.000223	10.484934	-328.362169	5750.485080	-2201.447236
275.50	-0.000701	-0.000270	10.484935	-326.394180	5705.203148	-2201.427696
276.01	-0.000710	-0.000275	10.484935	-325.892560	5693.647987	-2201.435365
276.52	-0.000702	-0.000283	10.484932	-325.672178	5688.508613	-2201.498548
277.03	-0.000713	-0.000257	10.484933	-326.584811	5709.542067	-2201.474753
277.54	-0.000699	-0.000231	10.484937	-327.863780	5739.073460	-2201.388927
278.05	-0.000708	-0.000178	10.484935	-330.145838	5791.571642	-2201.421385
278.56	-0.000688	-0.000155	10.484934	-331.269237	5817.410830	-2201.441482
279.07	-0.000695	-0.000115	10.484936	-332.998737	5857.247721	-2201.418209
279.58	-0.000687	-0.000119	10.484931	-332.842197	5853.543657	-2201.514142
280.09	-0.000686	-0.000123	10.479871	-332.571233	5730.606715	-2312.834330
280.60	-0.000669	-0.000166	10.479383	-330.570817	5673.287826	-2323.584839
281.11	-0.000667	-0.000200	10.478391	-328.773298	5609.052183	-2345.388610
281.62	-0.000653	-0.000276	10.479890	-325.262556	5562.793538	-2312.424100
282.13	-0.000661	-0.000310	10.479877	-323.251776	5516.207152	-2312.709233
282.64	-0.000648	-0.000366	10.479896	-320.650385	5456.758387	-2312.294882
283.15	-0.000654	-0.000376	10.478611	-319.771667	5406.898982	-2340.560636
283.67	-0.000641	-0.000377	10.479853	-319.830008	5436.885592	-2313.237346
284.18	-0.000653	-0.000344	10.479896	-321.130831	5467.818014	-2312.294962
284.69	-0.000637	-0.000330	10.479924	-321.951288	5487.353521	-2311.676009
285.20	-0.000650	-0.000302	10.479923	-323.054399	5512.733214	-2311.688920
285.71	-0.000642	-0.000324	10.479935	-322.071133	5490.368438	-2311.431674
286.22	-0.000652	-0.000328	10.479933	-321.765461	5483.296666	-2311.465372
286.73	-0.000644	-0.000373	10.479933	-319.647016	5434.514068	-2311.481307
287.24	-0.000659	-0.000403	10.479929	-317.835701	5392.723246	-2311.571915
287.75	-0.000650	-0.000454	10.479930	-315.512143	5339.271158	-2311.538104
288.26	-0.000658	-0.000481	10.479933	-313.671329	5296.968622	-2311.469073
288.77	-0.000644	-0.000516	10.479925	-312.108750	5260.797597	-2311.660805
289.28	-0.000648	-0.000509	10.479927	-312.037961	5259.215401	-2311.615641
289.79	-0.000630	-0.000519	10.479918	-311.894111	5255.698918	-2311.811298
290.30	-0.000626	-0.000481	10.479920	-313.252287	5287.025742	-2311.752073
290.81	-0.000605	-0.000479	10.479920	-313.669349	5296.627790	-2311.750727
291.32	-0.000611	-0.000463	10.479915	-313.851840	5300.708779	-2311.865088
291.83	-0.000591	-0.000474	10.479926	-313.209969	5286.174315	-2311.635028
292.34	-0.000598	-0.000466	10.479924	-313.119789	5284.054599	-2311.676810
292.85	-0.000588	-0.000481	10.479907	-312.639875	5272.614617	-2312.051230
293.36	-0.000591	-0.000463	10.479914	-313.086238	5283.050023	-2311.898348
293.87	-0.000587	-0.000471	10.479905	-312.911309	5278.821750	-2312.090530
294.38	-0.000595	-0.000449	10.479897	-313.838803	5299.984809	-2312.269411
294.89	-0.000585	-0.000445	10.479919	-314.184574	5308.464797	-2311.772941
295.40	-0.000597	-0.000420	10.479919	-315.077089	5328.998312	-2311.784265
295.91	-0.000588	-0.000417	10.479940	-315.559598	5340.599292	-2311.313241
296.42	-0.000601	-0.000383	10.479941	-317.080583	5375.637778	-2311.288517
296.93	-0.000587	-0.000373	10.479938	-317.829153	5392.781009	-2311.373013
297.44	-0.000594	-0.000331	10.479932	-319.728262	5436.363670	-2311.501018
297.95	-0.000584	-0.000314	10.479938	-320.799698	5461.175255	-2311.360314
298.46	-0.000597	-0.000275	10.479926	-322.689034	5504.392921	-2311.621875
298.97	-0.000586	-0.000273	10.479924	-322.978899	5511.004804	-2311.679785
299.48	-0.000595	-0.000262	10.479911	-323.476300	5522.157621	-2311.963276
299.99	-0.000575	-0.000281	10.479915	-322.613853	5502.397507	-2311.874440
300.50	-0.000584	-0.000276	10.479914	-322.733781	5505.137541	-2311.894168
301.01	-0.000567	-0.000290	10.479918	-322.141751	5491.593359	-2311.813902
301.52	-0.000570	-0.000276	10.479925	-322.670126	5503.936462	-2311.642105
302.03	-0.000561	-0.000290	10.479927	-322.040276	5489.469803	-2311.611325
302.54	-0.000571	-0.000282	10.479916	-322.300975	5495.222259	-2311.848595
303.05	-0.000558	-0.000298	10.479926	-321.645315	5480.357131	-2311.631164
303.56	-0.000575	-0.000288	10.479899	-321.849788	5484.444783	-2312.221870
304.07	-0.000564	-0.000300	10.479921	-321.323550	5472.839607	-2311.736665
304.58	-0.000571	-0.000294	10.477494	-321.380945	5418.186312	-2365.131030
305.09	-0.000557	-0.000313	10.477069	-320.390610	5385.583859	-2374.484350
305.60	-0.000568	-0.000299	10.475097	-320.740198	5348.154417	-2417.864944
306.11	-0.000551	-0.000303	10.475089	-320.677334	5346.512366	-2418.050894
306.62	-0.000566	-0.000267	10.475099	-322.438010	5387.272243	-2417.831771
307.13	-0.000548	-0.000255	10.475105	-323.337238	5408.117206	-2417.693399
307.64	-0.000559	-0.000222	10.475108	-325.070472	5448.098779	-2417.614113
308.15	-0.000543	-0.000224	10.475096	-325.059875	5447.568694	-2417.887081
308.66	-0.000558	-0.000201	10.475097	-326.203748	5473.924534	-2417.863926
309.18	-0.000547	-0.000211	10.475098	-325.785071	5464.301353	-2417.849983
309.69	-0.000557	-0.000195	10.477607	-326.735776	5544.047603	-2362.655731
310.20	-0.000548	-0.000195	10.484961	-326.859774	5716.522795	-2200.853588
310.71	-0.000553	-0.000159	10.484963	-328.882914	5763.146999	-2200.803800
311.22	-0.000539	-0.000148	10.484968	-329.640143	5780.692036	-2200.695145
311.73	-0.000548	-0.000109	10.484969	-331.826196	5831.021376	-2200.688335
312.24	-0.000530	-0.000101	10.484968	-332.362080	5843.332712	-2200.711727
312.75	-0.000543	-0.000084	10.484968	-333.239670	5863.542080	-2200.704543
313.26	-0.000538	-0.000099	10.484969	-332.382810	5843.845117	-2200.678151
313.77	-0.000546	-0.000094	10.484970	-332.631303	5849.577384	-2200.666666
314.28	-0.000536	-0.000111	10.484969	-331.555472	5824.791165	-2200.686661
314.79	-0.000543	-0.000089	10.484968	-332.756978	5852.439888	-2200.695752
315.30	-0.000528	-0.000086	10.484966	-332.918324	5856.093153	-2200.753818
315.81	-0.000539	-0.000054	10.484968	-334.868017	5901.024674	-2200.705865
316.32	-0.000526	-0.000065	10.484968	-334.235919	5886.483110	-2200.697182
316.83	-0.000531	-0.000078	10.484967	-333.307926	5865.095603	-2200.721425
317.34	-0.000520	-0.000139	10.484968	-329.457359	5776.466145	-2200.712574
317.85	-0.000526	-0.000170	10.484965	-327.280804	5726.303883	-2200.768579
318.36	-0.000515	-0.000206	10.484968	-325.136070	5676.993266	-2200.710944
318.87	-0.000517	-0.000195	10.484609	-325.534291	5677.888069	-2208.601757
319.38	-0.000499	-0.000179	10.483118	-326.821389	5673.120569	-2241.412312
319.89	-0.000508	-0.000134	10.482664	-329.586727	5726.317356	-2251.390491
320.40	-0.000492	-0.000114	10.481346	-331.045946	5729.504775	-2280.392359
320.91	-0.000505	-0.000086	10.499213	-332.719184	6180.087236	-1887.321385
321.42	-0.000493	-0.000098	10.491898	-332.103677	5997.226430	-2048.237585
321.93	-0.000502	-0.000100	10.547970	-331.915940	7286.095468	-814.656410
322.44	-0.000489	-0.000122	10.636444	-330.559785	9295.355303	1131.765993
322.95	-0.000499	-0.000111	10.614425	-331.097414	8799.897625	647.340821
323.46	-0.000487	-0.000117	10.585294	-330.784049	8120.835664	6.461223
323.97	-0.000503	-0.000100	10.535454	-331.648727	6991.291084	-1090.004207
324.48	-0.000489	-0.000123	10.597711	-330.084009	8391.096277	279.636057
324.99	-0.000496	-0.000136	10.545233	-328.929714	7154.228572	-874.871675
325.50	-0.000486	-0.000180	10.578027	-325.991948	7842.922390	-153.413993
326.01	-0.000488	-0.000203	10.579899	-323.969289	7839.539604	-112.226157
326.52	-0.000480	-0.000235	10.579900	-321.929044	7792.607636	-112.193945
327.03	-0.000480	-0.000228	10.579898	-322.130160	7797.177963	-112.250495
327.54	-0.000459	-0.000231	10.579900	-322.012551	7794.521110	-112.202366
328.05	-0.000466	-0.000214	10.579898	-323.130029	7820.212201	-112.233716
328.56	-0.000458	-0.000227	10.579902	-322.372974	7802.871112	-112.151615
329.07	-0.000463	-0.000226	10.579904	-322.182173	7798.519386	-112.113043
329.58	-0.000451	-0.000264	10.579900	-319.894693	7745.760224	-112.210487
330.09	-0.000456	-0.000272	10.579904	-319.053875	7726.516678	-112.103837
330.60	-0.000447	-0.000288	10.579911	-318.331307	7710.040135	-111.954338
331.11	-0.000458	-0.000267	10.579909	-319.344290	7733.308731	-112.001964
331.62	-0.000446	-0.000253	10.579907	-320.539343	7760.766626	-112.051382
332.13	-0.000462	-0.000219	10.579906	-322.694742	7810.374042	-112.060111
332.64	-0.000442	-0.000217	10.579904	-323.189106	7821.707356	-112.104712
333.15	-0.000458	-0.000197	10.579907	-324.298581	7847.308331	-112.046303
333.66	-0.000448	-0.000207	10.579913	-323.805289	7836.080449	-111.924648
334.17	-0.000458	-0.000192	10.579910	-324.388188	7849.432190	-111.987985
334.69	-0.000444	-0.000185	10.579914	-325.077319	7865.404845	-111.883923
335.20	-0.000446	-0.000133	10.579915	-328.512014	7944.487559	-111.867505
335.71	-0.000435	-0.000102	10.579915	-330.834726	7997.955703	-111.867410
336.22	-0.000442	-0.000058	10.579922	-333.981126	8070.539365	-111.719922
336.73	-0.000425	-0.000054	10.579920	-334.346423	8078.914217	-111.752507
337.24	-0.000436	-0.000046	10.579915	-334.842554	8090.209229	-111.872456
