Length [m]	OTDR [V]	Brillouin intensity [V]	Fitted Frequency [GHz]	Temperature [”]	Compensated Strain [レュ]	Uncompensated Strain [レュ]
0.51	0.007001	0.037221	10.503383	-152.985603	2092.829192	-1795.568286
1.02	0.006995	0.040617	10.475845	-130.256289	934.484924	-2401.415550
1.53	0.007048	0.043505	10.454889	-93.533784	-394.162829	-2862.445747
2.04	0.007046	0.045891	10.443640	-53.371497	-1578.107915	-3109.910647
2.55	0.007038	0.047863	10.437994	-26.169929	-2334.512685	-3234.141519
3.06	0.006963	0.049472	10.434319	-15.413944	-2666.865662	-3314.988658
3.57	0.006936	0.050834	10.431993	-20.929939	-2593.530375	-3366.157117
4.08	0.006912	0.051967	10.430383	-25.389300	-2528.010452	-3401.578510
4.59	0.006917	0.052936	10.429104	-15.323361	-2789.210808	-3429.705256
5.10	0.006956	0.053733	10.431092	7.037081	-3258.097440	-3385.975292
5.61	0.006990	0.054373	10.432662	27.341626	-3689.282109	-3351.425792
6.12	0.006997	0.054811	10.431571	36.154340	-3917.328740	-3375.446037
6.63	0.006975	0.055092	10.431139	28.443022	-3749.764734	-3384.935405
7.14	0.006939	0.055251	10.431448	12.918562	-3385.282098	-3378.148485
7.65	0.006925	0.055369	10.431964	0.446414	-3086.279774	-3366.799164
8.16	0.006921	0.055460	10.432505	4.097637	-3157.855963	-3354.900413
8.67	0.006967	0.055573	10.431604	20.865118	-3564.618035	-3374.722944
9.18	0.007027	0.055658	10.430721	41.908661	-4069.392083	-3394.143382
9.69	0.007049	0.055699	10.430335	54.990754	-4379.429258	-3402.625379
10.20	0.007028	0.055646	10.430266	55.911582	-4402.219390	-3404.144940
10.71	0.006973	0.055540	10.430206	46.847016	-4194.932678	-3405.457993
11.22	0.006911	0.055406	10.429431	40.269926	-4061.404488	-3422.508264
11.73	0.006881	0.055318	10.428039	42.216704	-4138.332026	-3453.141363
12.24	0.006896	0.055274	10.427890	52.119950	-4369.735509	-3456.417221
12.75	0.006951	0.055287	10.428856	58.308260	-4489.921254	-3435.176579
13.26	0.007001	0.055294	10.428866	57.793315	-4477.830275	-3434.950398
13.77	0.006996	0.055278	10.430124	50.017448	-4269.814541	-3407.270031
14.28	0.006956	0.055226	10.431239	39.931001	-4011.914469	-3382.741790
14.79	0.006909	0.055204	10.431318	32.824679	-3846.514552	-3381.010619
15.30	0.006868	0.055218	10.430843	29.145624	-3772.775499	-3391.457339
15.81	0.006862	0.055330	10.429727	28.505089	-3783.754038	-3415.995065
16.32	0.006872	0.055462	10.430248	27.810246	-3755.745351	-3404.535192
16.83	0.006860	0.055606	10.431207	25.253913	-3674.799614	-3383.454063
17.34	0.006789	0.055651	10.429984	24.949411	-3695.985323	-3410.349642
17.85	0.006666	0.055628	10.429880	27.296387	-3752.408058	-3412.635348
18.36	0.006520	0.055518	10.430678	31.639321	-3833.990506	-3395.092632
18.87	0.006396	0.055418	10.430674	36.545675	-3947.016304	-3395.172015
19.38	0.006313	0.055318	10.431032	36.500330	-3937.713035	-3387.293286
19.89	0.006282	0.055286	10.430910	39.061994	-3999.492701	-3389.974741
20.40	0.006268	0.055259	10.431455	35.348287	-3901.438850	-3377.988373
20.91	0.006255	0.055242	10.432241	40.340838	-3998.228952	-3360.687671
21.42	0.006216	0.055170	10.432644	45.925597	-4117.496094	-3351.823876
21.93	0.006154	0.055082	10.432950	48.799470	-4176.601535	-3345.098726
22.44	0.006108	0.054986	10.432915	54.379925	-4305.870254	-3345.870010
22.95	0.006078	0.054934	10.433705	43.346352	-4033.653194	-3328.482246
23.46	0.006075	0.054920	10.434052	41.291535	-3978.355759	-3320.854586
23.97	0.006109	0.054958	10.434001	34.658828	-3826.851548	-3321.978694
24.48	0.006136	0.055002	10.434774	32.777641	-3765.723625	-3304.976636
24.99	0.006162	0.055037	10.434698	33.316500	-3779.878024	-3306.646022
25.50	0.006154	0.055032	10.433985	38.218013	-3909.158272	-3322.336900
26.02	0.006132	0.055024	10.433890	36.629672	-3874.768180	-3324.409713
26.53	0.006112	0.055014	10.433780	35.150664	-3843.263939	-3326.834549
27.04	0.006105	0.055050	10.433196	34.724646	-3846.928685	-3339.685114
27.55	0.006118	0.055094	10.433236	28.462627	-3701.849018	-3338.797850
28.06	0.006156	0.055157	10.433709	33.214875	-3800.345654	-3328.401737
28.57	0.006173	0.055154	10.433363	33.620375	-3817.662619	-3336.016280
29.08	0.006181	0.055116	10.433733	38.500064	-3921.455863	-3327.874191
29.59	0.006156	0.055016	10.434167	42.420745	-4001.710231	-3318.336690
30.10	0.006121	0.054923	10.433406	44.271481	-4061.860087	-3335.074429
30.61	0.006095	0.054834	10.433373	38.508783	-3929.966896	-3335.801459
31.12	0.006091	0.054806	10.433931	45.659380	-4081.694480	-3323.518297
31.63	0.006108	0.054792	10.433893	34.747050	-3831.373999	-3324.355465
32.14	0.006140	0.054826	10.433525	41.421765	-3993.511275	-3332.451840
32.65	0.006146	0.054807	10.434614	36.855846	-3863.284813	-3308.489192
33.16	0.006143	0.054830	10.435412	42.359320	-3971.566707	-3290.931451
33.67	0.006129	0.054773	10.436656	36.829110	-3815.570701	-3263.561558
34.18	0.006105	0.054810	10.437295	43.701966	-3959.050740	-3249.509821
34.69	0.006097	0.054799	10.436829	36.868247	-3812.493059	-3259.766391
35.20	0.006123	0.054916	10.436528	37.990852	-3845.280837	-3266.392002
35.71	0.006137	0.054958	10.436726	35.434639	-3781.866164	-3262.031201
36.22	0.006163	0.055056	10.437451	36.217092	-3783.156920	-3246.080915
36.73	0.006164	0.055009	10.437746	36.316591	-3778.650457	-3239.597327
37.24	0.006147	0.054990	10.438370	40.219893	-3854.098625	-3225.856799
37.75	0.006122	0.054860	10.438493	40.797677	-3864.568793	-3223.157038
38.26	0.006112	0.054799	10.438351	41.737852	-3889.487375	-3226.282103
38.77	0.006113	0.054700	10.438133	40.760248	-3872.006138	-3231.073435
39.28	0.006135	0.054687	10.438442	38.544125	-3813.874041	-3224.283831
39.79	0.006145	0.054638	10.438414	36.326253	-3763.457507	-3224.892543
40.30	0.006159	0.054640	10.438404	35.971691	-3755.530832	-3225.116917
40.81	0.006147	0.054595	10.439001	36.842778	-3761.806021	-3211.975017
41.32	0.006130	0.054578	10.439546	38.688137	-3791.729530	-3199.997760
41.83	0.006108	0.054537	10.439520	39.162436	-3803.244550	-3200.567087
42.34	0.006105	0.054540	10.439072	39.403903	-3819.133433	-3210.421292
42.85	0.006107	0.054538	10.439362	36.917817	-3755.208478	-3204.033847
43.36	0.006128	0.054562	10.440231	33.838399	-3664.276009	-3184.912518
43.87	0.006135	0.054556	10.440330	32.629524	-3634.178888	-3182.747869
44.38	0.006140	0.054560	10.439224	33.759433	-3685.688103	-3207.071597
44.89	0.006129	0.054528	10.439545	36.492604	-3741.207649	-3200.015454
45.40	0.006119	0.054517	10.440165	39.808735	-3803.232081	-3186.363381
45.91	0.006114	0.054505	10.440792	41.386383	-3825.105905	-3172.586044
46.42	0.006114	0.054522	10.441204	40.673902	-3799.193877	-3163.513491
46.93	0.006124	0.054528	10.440678	37.717129	-3743.262427	-3175.086699
47.44	0.006138	0.054539	10.441131	35.075119	-3671.989720	-3165.114053
47.95	0.006139	0.054507	10.442006	35.130798	-3653.095528	-3145.868166
48.46	0.006133	0.054472	10.441947	37.029120	-3698.145107	-3147.156755
48.97	0.006110	0.054408	10.443058	39.145156	-3721.234843	-3122.717034
49.48	0.006099	0.054354	10.448516	41.040475	-3638.993329	-3002.647958
49.99	0.006091	0.054269	10.466959	40.757700	-3207.131138	-2596.901754
50.50	0.006097	0.054169	10.500549	39.514294	-2403.812361	-1857.915287
51.01	0.006105	0.053953	10.532162	38.682212	-1655.573015	-1162.437319
51.53	0.006114	0.053613	10.553676	40.235962	-1195.149994	-689.119326
52.04	0.006125	0.053081	10.560646	43.389314	-1107.005340	-535.794590
52.55	0.006125	0.052418	10.563616	47.062264	-1123.049798	-470.446756
53.06	0.006121	0.051628	10.565515	48.645619	-1115.712508	-428.679477
53.57	0.006113	0.050818	10.566640	47.571004	-1065.026285	-403.926624
54.08	0.006111	0.050008	10.566342	43.278081	-973.067423	-410.473058
54.59	0.006111	0.049256	10.566243	38.341299	-861.720946	-412.663747
55.10	0.006111	0.048559	10.567218	33.763053	-733.834837	-391.204272
55.61	0.006114	0.047969	10.568004	31.551752	-664.809756	-373.917905
56.12	0.006117	0.047471	10.568070	31.400906	-659.813383	-372.464182
56.63	0.006107	0.047099	10.568291	31.247864	-651.199105	-367.607564
57.14	0.006097	0.046795	10.568327	30.705092	-637.861881	-366.803622
57.65	0.006090	0.046595	10.568390	29.288355	-603.796962	-365.418430
58.16	0.006082	0.046424	10.567886	25.844348	-536.132725	-376.498644
58.67	0.006087	0.046300	10.568100	23.259516	-471.699142	-371.794331
59.18	0.006089	0.046183	10.568358	20.846622	-410.219045	-366.131860
59.69	0.006101	0.046099	10.568375	20.636995	-405.002132	-365.758520
60.20	0.006105	0.046005	10.568746	21.230776	-410.109909	-357.592271
60.71	0.006098	0.045941	10.568912	21.869021	-420.965998	-353.933019
61.22	0.006091	0.045873	10.568550	21.759577	-426.793249	-361.894881
61.73	0.006092	0.045862	10.568505	20.888959	-407.790372	-362.885467
62.24	0.006088	0.045857	10.568426	18.643357	-357.925557	-364.629368
62.75	0.006092	0.045901	10.568562	18.017700	-340.393122	-361.643627
63.26	0.006097	0.045940	10.568966	17.858367	-327.391163	-352.739719
63.77	0.006098	0.045998	10.569394	19.725406	-360.505822	-343.330465
64.28	0.006127	0.046038	10.569428	22.119699	-414.847328	-342.591858
64.79	0.006242	0.046078	10.569475	23.982832	-456.633130	-341.539805
65.30	0.006547	0.046092	10.569674	24.306207	-459.505776	-337.179175
65.81	0.007220	0.046123	10.569317	23.561527	-450.598985	-345.035063
66.32	0.008371	0.046141	10.569606	21.820628	-403.852288	-338.670797
66.83	0.009924	0.046186	10.569595	21.809739	-403.854778	-338.912281
67.34	0.011534	0.046210	10.569513	22.144013	-413.432785	-340.708612
67.85	0.012738	0.046245	10.569755	23.292584	-434.292809	-335.386126
68.36	0.013228	0.046238	10.570429	24.631996	-449.577988	-320.555159
68.87	0.012978	0.046231	10.570310	25.093471	-462.948416	-323.175951
69.38	0.012176	0.046167	10.569879	23.005398	-424.826657	-332.662507
69.89	0.011124	0.046118	10.569528	21.797073	-405.104081	-340.382114
70.40	0.010032	0.046037	10.568921	19.629000	-369.188099	-353.729464
70.91	0.009092	0.045994	10.568724	19.261857	-365.285488	-358.068681
71.42	0.008333	0.045940	10.569423	19.813271	-361.858414	-342.691314
71.93	0.007765	0.045911	10.569419	21.055855	-390.562929	-342.787339
72.44	0.007337	0.045876	10.569082	21.366112	-405.475953	-350.200133
72.95	0.007036	0.045867	10.569115	21.268271	-402.449589	-349.461732
73.46	0.006811	0.045849	10.568802	19.816963	-376.261255	-356.349174
73.97	0.006658	0.045847	10.569430	19.181111	-347.145220	-342.537640
74.48	0.006537	0.045824	10.569746	18.200140	-317.276445	-335.586388
74.99	0.006459	0.045808	10.569395	18.813205	-339.481663	-343.306041
75.50	0.006399	0.045769	10.569757	19.447612	-345.748734	-335.353550
76.01	0.006351	0.045753	10.569997	20.656356	-368.036883	-330.072049
76.52	0.006311	0.045730	10.569921	20.661781	-369.897925	-331.728180
77.03	0.006285	0.045754	10.569898	20.715414	-371.676966	-332.247504
77.55	0.006262	0.045755	10.570139	19.457348	-337.155622	-326.942764
78.06	0.006253	0.045772	10.570522	19.199897	-322.395242	-318.515996
78.57	0.006238	0.045768	10.570595	18.860883	-312.908530	-316.910855
79.08	0.006237	0.045775	10.570386	19.544521	-333.474828	-321.517435
79.59	0.006226	0.045769	10.570830	20.089303	-335.755953	-311.730764
80.10	0.006225	0.045783	10.570980	20.549181	-342.888402	-308.436181
80.61	0.006218	0.045796	10.570468	20.619830	-356.319692	-319.697020
81.12	0.006224	0.045856	10.570774	20.511517	-346.780251	-312.975691
81.63	0.006226	0.045896	10.571177	19.983627	-325.334854	-304.110539
82.14	0.006236	0.045953	10.571124	20.409322	-336.351192	-305.271423
82.65	0.006242	0.045980	10.570856	20.977818	-355.611688	-311.160737
83.16	0.006251	0.046005	10.570263	22.528764	-404.994192	-324.210416
83.67	0.006258	0.046008	10.570212	23.161941	-420.746704	-325.333144
84.18	0.006261	0.046018	10.570742	23.736410	-421.743315	-313.669306
84.69	0.006258	0.046010	10.570787	23.293405	-410.510925	-312.682422
85.20	0.006262	0.046014	10.570686	22.851954	-402.684782	-314.910656
85.71	0.006269	0.046014	10.570556	22.319281	-393.428070	-317.777375
86.22	0.006275	0.046016	10.570274	21.727863	-386.306631	-323.970882
86.73	0.006255	0.045972	10.570416	21.375152	-374.903719	-320.838630
87.24	0.006216	0.045915	10.570781	21.132066	-360.907986	-312.825844
87.75	0.006151	0.045813	10.570490	20.807314	-360.146382	-319.230443
88.26	0.006058	0.045697	10.571312	20.010687	-322.845325	-301.141547
88.77	0.005990	0.045625	10.571534	19.479975	-305.497053	-296.246632
89.28	0.006012	0.045651	10.570913	19.659999	-323.979184	-309.923761
89.79	0.006092	0.045799	10.570534	20.629789	-355.034010	-318.251921
90.30	0.006100	0.045964	10.571371	21.792528	-362.488384	-299.830594
90.81	0.006125	0.046048	10.572665	23.040370	-361.384338	-271.376616
91.32	0.006149	0.045985	10.572434	23.151892	-369.271594	-276.451451
91.83	0.006170	0.045914	10.571363	22.975910	-389.918735	-300.011168
92.34	0.006181	0.045861	10.571240	23.021627	-393.810040	-302.719231
92.85	0.006190	0.045798	10.571669	22.265950	-366.529455	-293.289732
93.36	0.006194	0.045768	10.570979	21.864328	-373.199542	-308.471405
93.87	0.006205	0.045727	10.570718	20.841092	-355.648821	-314.198466
94.38	0.006207	0.045696	10.571360	20.389137	-330.450550	-300.085995
94.89	0.006209	0.045626	10.572112	20.216143	-309.122294	-283.539556
95.40	0.006210	0.045541	10.572286	19.950371	-298.990334	-279.710620
95.91	0.006211	0.045467	10.572351	19.309477	-282.738680	-278.281185
96.42	0.006211	0.045471	10.572483	19.613018	-286.676966	-275.372613
96.93	0.006211	0.045512	10.571691	19.678923	-306.454428	-292.791265
97.44	0.006211	0.045598	10.571446	20.066674	-321.040463	-298.190490
97.95	0.006211	0.045644	10.570942	20.391385	-340.141818	-309.281190
98.46	0.006211	0.045676	10.569443	18.935568	-341.203531	-342.261610
98.97	0.006211	0.045656	10.565318	12.116339	-279.352666	-433.002267
99.48	0.006211	0.045669	10.559852	-4.164786	-30.630499	-553.255140
99.99	0.006211	0.045715	10.553827	-35.201147	544.865712	-685.800429
100.50	0.006211	0.045817	10.545787	-76.576944	1311.880107	-862.694786
101.01	0.006210	0.045901	10.536298	-117.420370	2033.242806	-1071.446415
101.52	0.006209	0.046005	10.528347	-148.108496	2556.311625	-1246.355745
102.03	0.006209	0.046084	10.523873	-165.976235	2864.428500	-1344.791454
102.54	0.006209	0.046181	10.521603	-172.077997	2952.538437	-1394.728895
103.06	0.006209	0.046294	10.520351	-168.415529	2839.339071	-1422.287805
103.57	0.006209	0.046485	10.519324	-156.332044	2537.510090	-1444.867962
104.08	0.006208	0.046671	10.519614	-138.143331	2125.497794	-1438.490470
104.59	0.006208	0.046868	10.520553	-115.188101	1618.727878	-1417.836880
105.10	0.006208	0.047008	10.523926	-91.173754	1143.728103	-1343.620892
105.61	0.006208	0.047100	10.527356	-67.930884	687.790993	-1268.161456
106.12	0.006208	0.047105	10.529889	-47.989483	287.149458	-1212.450846
106.63	0.006209	0.047093	10.532317	-31.034628	-47.135601	-1159.022705
107.14	0.006210	0.047042	10.534385	-18.146709	-296.111201	-1113.521534
107.65	0.006211	0.047005	10.536256	-7.768873	-491.857230	-1072.362251
108.16	0.006210	0.046959	10.537214	-0.467986	-637.834829	-1051.293986
108.67	0.006209	0.046922	10.537801	5.570075	-763.297371	-1038.386167
109.18	0.006209	0.046853	10.537795	9.236144	-847.815501	-1038.506830
109.69	0.006209	0.046787	10.538080	12.012461	-905.148369	-1032.232975
110.20	0.006209	0.046707	10.537950	14.063817	-955.378676	-1035.103079
110.71	0.006209	0.046676	10.538153	16.060011	-996.642430	-1030.631228
111.22	0.006209	0.046659	10.538943	17.411981	-1009.536368	-1013.243494
111.73	0.006208	0.046681	10.539075	18.883114	-1040.360706	-1010.343013
112.24	0.006208	0.046678	10.538475	19.406662	-1066.262880	-1023.554873
112.75	0.006208	0.046680	10.538392	20.302486	-1088.786053	-1025.368823
113.26	0.006208	0.046633	10.537992	19.984119	-1090.683081	-1034.169286
113.77	0.006208	0.046606	10.538180	20.419594	-1096.390227	-1030.050966
114.28	0.006208	0.046579	10.538760	20.256283	-1079.250570	-1017.287436
114.79	0.006208	0.046582	10.538358	20.697907	-1098.680584	-1026.124381
115.30	0.006208	0.046566	10.538087	20.178570	-1092.965330	-1032.076468
115.81	0.006208	0.046559	10.537554	20.053480	-1102.399295	-1043.822388
116.32	0.006207	0.046520	10.537419	19.177333	-1085.327466	-1046.776399
116.83	0.006205	0.046505	10.537876	18.677960	-1063.290280	-1036.720534
117.34	0.006201	0.046482	10.537810	17.980099	-1048.747526	-1038.172160
117.85	0.006203	0.046504	10.538256	17.744352	-1033.051105	-1028.375934
118.36	0.006203	0.046520	10.539316	17.707839	-1007.759119	-1005.051544
118.87	0.006203	0.046555	10.539869	18.149112	-1005.149431	-992.872429
119.38	0.006201	0.046564	10.539297	18.003675	-1014.999815	-1005.462359
119.89	0.006201	0.046574	10.538619	17.684052	-1023.291921	-1020.390700
120.40	0.006201	0.046556	10.538730	17.171761	-1008.932124	-1017.941996
120.91	0.006201	0.046550	10.539153	18.292811	-1024.989769	-1008.642800
121.42	0.006201	0.046513	10.538403	20.247297	-1087.274390	-1025.138702
121.93	0.006201	0.046486	10.538497	23.867446	-1168.444787	-1023.074281
122.44	0.006201	0.046436	10.538638	29.041334	-1284.279071	-1019.958001
122.95	0.006200	0.046403	10.538498	32.995263	-1378.522876	-1023.035036
123.46	0.006200	0.046373	10.538600	31.359120	-1338.515313	-1020.798967
123.97	0.006195	0.046390	10.538562	26.645719	-1230.882382	-1021.626919
124.48	0.006194	0.046415	10.538348	26.319483	-1228.312676	-1026.339341
124.99	0.006193	0.046453	10.539004	25.118374	-1185.527541	-1011.901002
125.50	0.006191	0.046450	10.541553	23.708874	-1094.311113	-955.839807
126.01	0.006190	0.046446	10.547598	22.414995	-925.107301	-822.847150
126.52	0.006189	0.046391	10.559623	21.377642	-623.891848	-558.294986
127.03	0.006188	0.046335	10.572899	20.385720	-294.875583	-266.225888
127.54	0.006186	0.046252	10.577438	19.532725	-170.561646	-166.372750
128.05	0.006185	0.046180	10.587692	18.318844	93.874299	59.218969
128.56	0.006184	0.046070	10.601329	17.321343	431.353026	359.237945
129.08	0.006184	0.045976	10.605448	16.528139	544.598288	449.845539
129.59	0.006191	0.045859	10.602971	15.543571	510.139807	395.355717
130.10	0.006177	0.045760	10.605670	14.696967	591.882398	454.740182
130.61	0.006163	0.045662	10.609612	13.936618	700.290691	541.455238
131.12	0.006167	0.045591	10.608612	13.381463	690.023743	519.471139
131.63	0.006172	0.045501	10.606033	12.689134	646.480820	462.732751
132.14	0.006190	0.045430	10.609164	12.131325	731.530835	531.613704
132.65	0.006185	0.045346	10.611974	11.481526	811.282971	593.421029
133.16	0.006189	0.045288	10.609648	11.034868	767.931505	542.259878
133.67	0.006191	0.045240	10.607545	10.661417	728.030972	495.998107
134.18	0.006186	0.045216	10.610442	10.476856	799.089869	559.728845
134.69	0.006187	0.045204	10.613135	10.382212	863.382804	618.979964
135.20	0.006198	0.045216	10.610261	10.552429	793.162610	555.734270
135.71	0.006203	0.045224	10.607999	10.687335	737.899158	505.980535
136.22	0.006212	0.045242	10.611655	10.828307	818.979691	586.419216
136.73	0.006205	0.045233	10.613463	10.759676	862.239371	626.177804
137.24	0.006204	0.045243	10.610823	10.832424	799.696128	568.114933
137.75	0.006201	0.045233	10.608947	10.761619	758.039460	526.823643
138.26	0.006212	0.045261	10.611524	11.019909	811.540177	583.529937
138.77	0.006340	0.045283	10.612352	11.184095	826.846813	601.736304
139.28	0.007521	0.045342	10.608479	11.642871	726.981806	516.548612
139.79	0.013397	0.045396	10.605905	12.065707	657.883785	459.920538
140.30	0.032734	0.045459	10.610221	12.555267	746.134689	554.853562
140.81	0.079870	0.045491	10.612180	12.757203	786.669678	597.954331
141.32	0.172019	0.045533	10.609755	13.017766	724.759080	544.619070
141.83	0.315580	0.045541	10.610596	13.040011	743.638190	563.116430
142.34	0.489152	0.045571	10.613692	13.316904	808.654342	631.215836
142.85	0.646169	0.045572	10.611789	13.392730	763.032615	589.362076
143.36	0.741375	0.045592	10.608911	13.542205	693.216652	526.046527
143.87	0.754930	0.045575	10.610852	13.409384	741.040751	568.749613
144.38	0.696766	0.045573	10.614838	13.395339	833.298073	656.445946
144.89	0.593298	0.045543	10.613680	13.162440	811.931064	630.949701
145.40	0.473622	0.045506	10.609590	12.874583	724.238888	540.978773
145.91	0.360382	0.045444	10.611762	12.403050	785.177543	588.754278
146.42	0.265871	0.045395	10.614769	12.060220	862.428053	654.915869
146.93	0.192606	0.045338	10.612233	11.626369	813.918270	599.115403
147.44	0.138218	0.045321	10.608332	11.491743	727.066617	513.310962
147.95	0.098585	0.045308	10.608045	11.390659	722.765535	506.988493
148.46	0.069801	0.045336	10.609881	11.610185	760.055721	547.380264
148.97	0.048824	0.045346	10.606860	11.688468	688.572776	480.911305
149.48	0.033713	0.045373	10.605465	11.892865	651.694387	450.221079
149.99	0.022668	0.045370	10.609643	11.870324	748.582339	542.148019
150.50	0.015015	0.045384	10.613674	12.031023	837.847506	630.827236
151.01	0.009586	0.045374	10.610466	12.037846	763.706145	560.253236
151.52	0.005625	0.045412	10.608644	12.587233	709.041967	520.172558
152.03	0.002591	0.045422	10.611125	12.529175	767.594990	574.751707
152.54	0.000170	0.045459	10.610080	12.817529	736.863568	551.768685
153.05	-0.001861	0.045470	10.600626	12.900423	516.915742	343.779586
153.56	-0.003474	0.045502	10.580285	13.263409	39.423804	-103.731748
154.07	-0.004759	0.045531	10.555736	13.487312	-531.905868	-643.809459
154.59	-0.005591	0.045598	10.546728	14.008580	-751.660029	-841.987772
155.10	-0.006034	0.045672	10.543102	14.582127	-848.496194	-921.765998
155.61	-0.006005	0.045776	10.540745	15.393638	-921.524412	-973.608373
156.12	-0.005587	0.045869	10.539866	16.111946	-958.322767	-992.937502
156.63	-0.004757	0.045969	10.538607	16.891157	-1005.318026	-1020.656158
157.14	-0.003664	0.046032	10.537154	17.467163	-1052.073547	-1052.608218
157.65	-0.002341	0.046094	10.537510	17.960195	-1055.218671	-1044.782092
158.16	-0.000979	0.046128	10.537895	18.494258	-1058.624469	-1036.303627
158.67	0.000354	0.046167	10.537637	18.824446	-1072.186372	-1041.989944
159.18	0.001478	0.046161	10.537974	18.885054	-1065.798389	-1034.565553
159.69	0.002318	0.046166	10.538035	18.987205	-1066.740699	-1033.221340
160.20	0.002761	0.046135	10.537358	18.849216	-1079.198072	-1048.134529
160.71	0.002801	0.046134	10.537146	18.882059	-1084.842375	-1052.797478
161.22	0.002413	0.046136	10.537265	18.966334	-1084.037374	-1050.179016
161.73	0.001675	0.046179	10.537713	19.393091	-1083.524365	-1040.318685
162.24	0.000632	0.046224	10.538642	19.821324	-1071.959247	-1019.883286
162.75	-0.000548	0.046311	10.538555	20.536092	-1090.404553	-1021.783056
163.26	-0.001811	0.046377	10.537542	21.063320	-1125.921115	-1044.085323
163.77	-0.002950	0.046451	10.537649	21.213478	-1126.909665	-1041.731051
164.28	-0.003932	0.046495	10.537838	22.389320	-1149.602197	-1037.557758
164.79	-0.004590	0.046518	10.537507	23.418709	-1180.944262	-1044.851214
165.30	-0.004935	0.046508	10.537614	23.067604	-1170.390095	-1042.493293
165.81	-0.004871	0.046514	10.537696	22.823987	-1162.883115	-1040.681838
166.32	-0.004494	0.046493	10.537299	21.607747	-1144.050262	-1049.423963
166.83	-0.003768	0.046494	10.537102	21.910845	-1155.575815	-1053.762651
167.34	-0.002863	0.046467	10.537833	21.448498	-1128.075000	-1037.681962
167.85	-0.001803	0.046442	10.538510	21.170389	-1106.060105	-1022.788728
168.36	-0.000764	0.046389	10.538576	21.040834	-1101.536606	-1021.318581
168.87	0.000204	0.046351	10.538588	20.668938	-1092.698070	-1021.053749
169.38	0.000981	0.046300	10.538668	19.671103	-1067.883869	-1019.294379
169.89	0.001520	0.046268	10.538086	19.103180	-1068.242073	-1032.106851
170.40	0.001770	0.046236	10.538771	18.331402	-1034.677121	-1017.036217
170.91	0.001740	0.046232	10.539307	18.690468	-1030.586237	-1005.249322
171.42	0.001436	0.046220	10.538325	18.658759	-1052.504299	-1026.853361
171.93	0.000923	0.046235	10.538084	18.985623	-1065.591410	-1032.159758
172.44	0.000252	0.046239	10.538050	18.338538	-1051.479169	-1032.907085
172.95	-0.000468	0.046255	10.538200	11.263695	-885.147185	-1029.595587
173.46	-0.001203	0.046253	10.538799	-43.986511	400.494714	-1016.430682
173.97	-0.001800	0.046257	10.538668	-173.921114	3388.527447	-1019.308970
174.48	-0.002304	0.046228	10.538630	-272.251115	5651.180024	-1020.139262
174.99	-0.002562	0.046188	10.538866	-312.434686	6581.634688	-1014.947528
175.50	-0.002677	0.046076	10.539394	-327.393313	6938.151642	-1003.334247
176.01	-0.002554	0.045853	10.540251	-333.298821	7093.856741	-984.482859
176.52	-0.002269	0.045337	10.541062	-335.833947	7170.932996	-966.627165
177.03	-0.001961	0.044333	10.540753	-336.994060	7190.507074	-973.429770
177.54	-0.001370	0.042557	10.539248	-337.534047	7168.216472	-1006.550241
178.05	-0.001040	0.039899	10.539845	-337.753373	7187.033099	-993.417041
178.56	-0.000523	0.036350	10.541643	-337.786158	7229.251927	-953.864195
179.07	-0.000152	0.032145	10.530952	-337.689295	6980.457699	-1189.063296
179.58	0.000084	0.027548	10.553191	-337.497280	7488.939343	-699.803705
180.09	0.000222	0.022922	10.478341	-337.235194	5756.649532	-2346.488732
180.61	0.000309	0.018491	10.513920	-336.948733	6570.612927	-1563.754640
181.12	0.000168	0.014466	10.541283	-336.681012	7195.518453	-961.775303
181.63	-0.000037	0.010927	10.580218	-336.490661	8089.097598	-105.205787
182.14	-0.000091	0.007944	10.579366	-336.417196	8067.769598	-123.937475
182.65	-0.000518	0.005491	10.554624	-336.509169	7499.238509	-668.281779
183.16	-0.000621	0.003559	10.557576	-336.787357	7573.727569	-603.334896
183.67	-0.000859	0.002055	10.557736	-337.362805	7590.680881	-599.799058
184.18	-0.000968	0.000941	10.552083	-338.299310	7481.850637	-724.177097
184.69	-0.001093	0.000108	10.550428	-339.954544	7481.784741	-760.586528
185.20	-0.001056	-0.000473	10.563966	-342.677337	7856.687107	-462.753893
185.71	-0.001009	-0.000882	10.564572	-347.853760	7989.835012	-449.410253
186.22	-0.001030	-0.001135	10.564656	-361.408603	8303.802007	-447.560488
186.73	-0.000807	-0.001303	10.565072	-709.888304	16335.276276	-438.411816
187.24	-0.000816	-0.001379	10.565075	-304.600022	7005.744546	-438.348985
187.75	-0.000634	-0.001433	10.565076	-320.417239	7369.870352	-438.330968
188.26	-0.000728	-0.001443	10.565074	-325.689000	7491.170986	-438.382012
188.77	-0.000497	-0.001458	10.565070	-327.731989	7538.110008	-438.467746
189.28	-0.000714	-0.001453	10.565074	-328.694788	7560.370168	-438.375363
189.79	-0.000497	-0.001450	10.542269	-328.664611	7033.715939	-940.090853
190.30	-0.000693	-0.001423	10.548688	-328.027752	7167.106781	-798.864149
190.81	-0.000540	-0.001407	10.544241	-326.044134	7018.881826	-896.699266
191.32	-0.000679	-0.001367	10.551697	-322.322937	7105.181479	-732.665421
191.83	-0.000538	-0.001350	10.556440	-312.510207	6988.689840	-628.313889
192.34	-0.000567	-0.001330	10.564073	-274.836767	6297.498728	-460.389784
192.85	-0.000554	-0.001329	10.523510	-521.179675	11032.723847	-1352.772146
193.36	-0.000400	-0.001311	10.552207	-383.031875	8514.441172	-721.446833
193.87	-0.000538	-0.001308	10.545652	-367.490208	8005.494087	-865.661283
194.38	-0.000284	-0.001289	10.525075	-362.784790	7422.619958	-1318.343634
194.89	-0.000461	-0.001285	10.548820	-362.400676	7961.410868	-795.953642
195.40	-0.000241	-0.001255	10.556663	-365.367140	8210.573951	-623.415024
195.91	-0.000389	-0.001259	10.553380	-376.516404	8391.516700	-695.634702
196.42	-0.000294	-0.001243	10.554372	-434.993835	9760.514280	-673.821629
196.93	-0.000391	-0.001257	10.556116	-229.847481	5078.333914	-635.456974
197.44	-0.000471	-0.001268	10.553093	-306.554277	6774.392104	-701.949900
197.95	-0.000463	-0.001312	10.553205	-318.873820	7060.552892	-699.499198
198.46	-0.000669	-0.001350	10.553471	-323.761488	7179.198357	-693.648887
198.97	-0.000595	-0.001404	10.552735	-325.561328	7203.676657	-709.820806
199.48	-0.000802	-0.001438	10.552180	-326.256141	7206.862386	-722.039018
199.99	-0.000696	-0.001472	10.555298	-325.739776	7266.879308	-653.449940
200.50	-0.000825	-0.001461	10.554548	-324.636399	7224.182176	-669.950383
201.01	-0.000677	-0.001457	10.554870	-321.669263	7163.305942	-662.866454
201.52	-0.000723	-0.001398	10.553865	-316.774843	7027.459160	-684.976932
202.03	-0.000571	-0.001355	10.546187	-304.076903	6558.075905	-853.895428
202.54	-0.000497	-0.001283	10.553116	-259.452652	5690.651128	-701.451646
203.05	-0.000451	-0.001233	10.554899	-631.139087	14287.880271	-662.213185
203.56	-0.000263	-0.001174	10.555507	-397.948452	8933.924918	-648.845844
204.07	-0.000348	-0.001144	10.554006	-376.569902	8407.181351	-681.866833
204.58	-0.000127	-0.001110	10.557080	-370.508964	8338.558798	-614.236721
205.09	-0.000269	-0.001105	10.555605	-370.884539	8313.194290	-646.679143
205.60	-0.000113	-0.001108	10.553861	-377.483052	8424.853624	-685.060643
206.12	-0.000254	-0.001124	10.553294	-398.948016	8905.892526	-697.535063
206.63	-0.000221	-0.001121	10.552956	-554.763618	12484.911458	-704.978317
207.14	-0.000324	-0.001138	10.545432	-223.224593	4679.485227	-870.491632
207.65	-0.000406	-0.001120	10.545771	-295.438389	6349.645926	-863.028451
208.16	-0.000435	-0.001124	10.553247	-310.200528	6861.875657	-698.565350
208.67	-0.000575	-0.001099	10.554704	-317.321780	7059.409369	-666.509439
209.18	-0.000530	-0.001086	10.553551	-319.881449	7091.730253	-691.885040
209.69	-0.000654	-0.001045	10.554183	-321.488921	7143.314760	-677.976101
210.20	-0.000562	-0.001016	10.560666	-321.133716	7284.650801	-535.355138
210.71	-0.000637	-0.000971	10.529025	-319.680842	6521.483130	-1231.441623
211.22	-0.000526	-0.000942	10.526832	-317.163140	6412.936507	-1279.699679
211.73	-0.000523	-0.000907	10.556302	-308.398780	6890.863875	-631.349516
212.24	-0.000443	-0.000895	10.561967	-298.835729	6801.360980	-506.735886
212.75	-0.000367	-0.000888	10.564457	-258.504038	5930.380495	-451.942380
213.26	-0.000359	-0.000883	10.565050	-59.827359	1370.574669	-438.908840
213.77	-0.000235	-0.000891	10.535758	-850.297263	18891.363985	-1083.326534
214.28	-0.000283	-0.000880	10.558998	-531.712375	12093.648467	-572.033780
214.79	-0.000185	-0.000899	10.557345	-480.484264	10876.252901	-608.417591
215.30	-0.000242	-0.000892	10.567081	-595.721106	13753.520875	-394.213171
215.81	-0.000201	-0.000936	10.575877	874.376011	-19884.760509	-200.712226
216.32	-0.000270	-0.000933	10.586593	155.239065	-3083.325865	35.043649
216.83	-0.000265	-0.000985	10.578614	-248.577631	6028.376863	-140.493457
217.34	-0.000334	-0.000993	10.521303	-263.273510	5044.893086	-1401.344112
217.85	-0.000362	-0.001056	10.530834	-281.029036	5673.442617	-1191.653454
218.36	-0.000379	-0.001078	10.552341	-286.657515	6299.030117	-718.495700
218.87	-0.000450	-0.001140	10.557227	-290.047734	6489.762940	-610.999037
219.38	-0.000424	-0.001174	10.556749	-286.723311	6402.210492	-621.516202
219.89	-0.000466	-0.001225	10.554801	-281.779195	6243.464973	-664.378651
220.40	-0.000458	-0.001241	10.544371	-282.224401	6013.170203	-893.834089
220.91	-0.000436	-0.001242	10.534087	-266.188830	5406.842543	-1120.094924
221.42	-0.000430	-0.001222	10.550624	-268.086922	5831.933747	-756.277645
221.93	-0.000409	-0.001201	10.542826	-249.072697	5214.381703	-927.838529
222.44	-0.000375	-0.001179	10.531376	-262.212869	5252.797548	-1179.732830
222.95	-0.000334	-0.001170	10.521936	-226.916644	4222.577726	-1387.410165
223.46	-0.000328	-0.001181	10.528347	-260.547929	5144.610729	-1246.373069
223.97	-0.000259	-0.001191	10.552982	-224.838888	4890.761370	-704.401842
224.48	-0.000278	-0.001207	10.554442	-256.396429	5650.872038	-672.286849
224.99	-0.000247	-0.001200	10.551663	-233.234864	5053.618247	-733.415458
225.50	-0.000240	-0.001195	10.549001	-255.523252	5505.304252	-791.970970
226.01	-0.000249	-0.001171	10.578099	-235.366315	5712.379412	-151.823446
226.52	-0.000245	-0.001164	10.554931	-241.345756	5315.693951	-661.523683
227.03	-0.000268	-0.001137	10.551851	-241.514162	5248.546293	-729.274133
227.54	-0.000293	-0.001120	10.550915	-205.529586	4398.605920	-749.866791
228.05	-0.000296	-0.001074	10.553530	-244.134627	5347.578801	-692.348175
228.56	-0.000333	-0.001049	10.554473	-162.513324	3490.449110	-671.586639
229.07	-0.000331	-0.001006	10.554346	-235.112348	5158.710460	-674.394322
229.58	-0.000356	-0.000989	10.551267	-142.209535	2949.110429	-742.130224
230.09	-0.000356	-0.000962	10.554992	-221.038551	4849.649754	-660.168467
230.60	-0.000363	-0.000937	10.559330	-186.732314	4159.981569	-564.730594
231.11	-0.000348	-0.000885	10.559004	-231.249603	5177.227797	-571.910178
231.62	-0.000367	-0.000843	10.560906	-254.064645	5746.284186	-530.070066
232.14	-0.000320	-0.000774	10.562490	-259.802036	5914.885377	-495.225426
232.65	-0.000334	-0.000737	10.553381	-287.262547	6336.945691	-695.613477
233.16	-0.000303	-0.000697	10.553490	-283.815963	6260.112242	-693.223244
233.67	-0.000291	-0.000687	10.528905	-298.997912	6042.591189	-1234.091549
234.18	-0.000283	-0.000675	10.535187	-293.569529	6062.523539	-1095.878446
234.69	-0.000261	-0.000682	10.548998	-300.483646	6540.212114	-792.033006
235.20	-0.000261	-0.000684	10.553544	-291.619441	6440.982936	-692.042981
235.71	-0.000239	-0.000712	10.553707	-292.805348	6472.044671	-688.453840
236.22	-0.000249	-0.000718	10.554941	-279.755945	6200.124928	-661.293247
236.73	-0.000229	-0.000746	10.553838	-268.022951	5904.584192	-685.571309
237.24	-0.000237	-0.000761	10.553296	-258.894252	5681.954970	-697.485296
237.75	-0.000251	-0.000784	10.551479	-196.328659	4199.803159	-737.466562
238.26	-0.000245	-0.000795	10.572392	-230.202700	5461.895038	-277.376161
238.77	-0.000282	-0.000797	10.562794	-38.846359	835.570398	-488.539387
239.28	-0.000274	-0.000777	10.545461	-200.955120	4167.511254	-869.860451
239.79	-0.000307	-0.000770	10.546984	-12.133935	-143.966553	-836.358078
240.30	-0.000290	-0.000746	10.524627	-198.661261	3634.211916	-1328.207531
240.81	-0.000321	-0.000753	10.532086	-176.382782	3293.392689	-1164.113210
241.32	-0.000301	-0.000748	10.606810	-229.136284	6231.133096	479.820887
241.83	-0.000318	-0.000760	10.579604	-249.970470	6083.271283	-118.714138
242.34	-0.000296	-0.000753	10.562889	-256.981087	5859.160411	-486.437754
242.85	-0.000300	-0.000752	10.535473	-277.224542	5692.857335	-1089.592414
243.36	-0.000285	-0.000739	10.591396	-273.016677	6885.760589	140.722760
243.87	-0.000272	-0.000738	10.575691	-285.869118	6819.407302	-204.793190
244.38	-0.000262	-0.000723	10.566949	-278.245660	6442.303741	-397.113949
244.89	-0.000239	-0.000736	10.564630	-284.694703	6537.277449	-448.129801
245.40	-0.000238	-0.000729	10.507828	-273.509910	4969.764790	-1697.786066
245.91	-0.000220	-0.000728	10.538741	-273.243592	5676.587156	-1017.696651
246.42	-0.000228	-0.000703	10.567979	-263.862877	6134.953569	-374.471516
246.93	-0.000219	-0.000682	10.561856	-250.754970	5692.019832	-509.157384
247.44	-0.000223	-0.000657	10.547151	-251.960095	5380.605427	-832.679983
247.95	-0.000237	-0.000662	10.549181	-204.781515	4341.384107	-788.024404
248.46	-0.000229	-0.000661	10.557605	-227.845829	5066.598823	-602.697712
248.97	-0.000252	-0.000693	10.555914	-160.084990	3467.766738	-639.900745
249.48	-0.000241	-0.000706	10.567465	-199.639322	4644.715543	-385.759798
249.99	-0.000262	-0.000742	10.579776	-162.002938	4062.246476	-114.938894
250.50	-0.000253	-0.000768	10.552252	-203.302438	4378.169295	-720.456415
251.01	-0.000263	-0.000807	10.544995	-193.876182	3993.812730	-880.109007
251.52	-0.000251	-0.000832	10.566804	-220.112356	5100.742087	-400.312294
252.03	-0.000256	-0.000863	10.558248	-225.551241	5028.608950	-588.550588
252.54	-0.000242	-0.000864	10.555323	-230.472281	5074.426287	-652.904191
253.05	-0.000251	-0.000859	10.557618	-248.262580	5536.893084	-602.404260
253.56	-0.000239	-0.000833	10.553974	-245.692065	5393.687280	-682.564173
254.07	-0.000230	-0.000815	10.552708	-256.153102	5605.288694	-710.425921
254.58	-0.000237	-0.000790	10.550571	-257.168223	5579.382234	-757.428827
255.09	-0.000226	-0.000777	10.587685	-254.375660	6371.053263	59.070882
255.60	-0.000225	-0.000770	10.570301	-253.936405	5960.020985	-323.369490
256.11	-0.000225	-0.000785	10.560915	-247.895774	5604.499291	-529.859837
256.62	-0.000222	-0.000797	10.551933	-237.979935	5169.082073	-727.468889
257.13	-0.000220	-0.000836	10.506218	-219.754916	3695.208366	-1733.209178
257.65	-0.000224	-0.000863	10.418990	-213.546917	1540.549967	-3652.230014
258.16	-0.000228	-0.000910	10.414268	-171.267099	458.392731	-3756.101011
258.67	-0.000224	-0.000925	10.416723	-179.673107	708.503273	-3702.103197
259.18	-0.000241	-0.000929	10.417150	-159.258761	248.423517	-3692.705808
259.69	-0.000227	-0.000889	10.412092	-161.900161	192.569601	-3803.986489
260.20	-0.000235	-0.000848	10.422879	-176.452150	776.347756	-3566.658402
260.71	-0.000225	-0.000789	10.422918	-185.101603	976.354144	-3565.800890
261.22	-0.000233	-0.000759	10.421013	-204.009664	1367.667870	-3607.718708
261.73	-0.000223	-0.000738	10.411274	-218.842516	1484.504937	-3821.975416
262.24	-0.000227	-0.000753	10.412214	-217.568209	1476.851310	-3801.294294
262.75	-0.000214	-0.000771	10.418135	-228.648951	1868.481808	-3671.033218
263.26	-0.000221	-0.000808	10.418900	-222.632697	1747.643201	-3654.193442
263.77	-0.000215	-0.000829	10.419806	-227.939601	1890.686654	-3634.275590
264.28	-0.000212	-0.000848	10.419049	-225.322038	1812.991512	-3650.911445
264.79	-0.000213	-0.000831	10.410537	-229.945249	1723.103534	-3838.175134
265.30	-0.000206	-0.000810	10.425858	-228.067519	2033.208670	-3501.132011
265.81	-0.000204	-0.000762	10.424942	-240.289666	2293.429783	-3521.286627
266.32	-0.000206	-0.000733	10.428267	-229.933711	2131.724208	-3448.136450
266.83	-0.000205	-0.000690	10.428078	-240.643427	2373.899201	-3452.294524
267.34	-0.000216	-0.000680	10.432251	-232.013436	2271.492883	-3360.478168
267.85	-0.000205	-0.000653	10.434104	-232.036514	2314.767587	-3319.704981
268.36	-0.000215	-0.000647	10.434985	-230.176215	2292.259722	-3300.325832
268.87	-0.000210	-0.000632	10.434974	-223.813043	2145.531961	-3300.564051
269.38	-0.000209	-0.000633	10.434977	-223.201397	2131.515724	-3300.503330
269.89	-0.000200	-0.000622	10.434979	-215.032302	1943.508626	-3300.462619
270.40	-0.000208	-0.000630	10.434959	-218.170625	2015.296245	-3300.897145
270.91	-0.000202	-0.000631	10.447778	-207.327419	2061.329810	-3018.884199
271.42	-0.000207	-0.000636	10.447474	-210.856115	2135.541518	-3025.578385
271.93	-0.000203	-0.000628	10.447255	-219.658547	2333.116621	-3030.399302
272.44	-0.000209	-0.000618	10.447228	-218.746308	2311.504501	-3030.983754
272.95	-0.000198	-0.000591	10.447347	-239.301035	2787.408075	-3028.369287
273.46	-0.000205	-0.000589	10.447422	-236.795708	2731.468574	-3026.716882
273.97	-0.000197	-0.000573	10.448361	-250.378557	3065.808983	-3006.047776
274.48	-0.000185	-0.000592	10.447971	-242.043432	2864.922249	-3014.647246
274.99	-0.000195	-0.000592	10.447392	-251.516554	3069.643382	-3027.378923
275.50	-0.000195	-0.000612	10.447458	-242.241787	2857.678159	-3025.913011
276.01	-0.000192	-0.000600	10.447439	-249.352351	3020.912537	-3026.340706
276.52	-0.000191	-0.000592	10.447591	-243.760352	2895.690948	-3022.997932
277.03	-0.000186	-0.000565	10.447544	-249.476275	3026.181732	-3024.035606
277.54	-0.000188	-0.000548	10.447385	-247.617217	2979.728581	-3027.525239
278.05	-0.000178	-0.000529	10.447105	-246.396663	2945.178806	-3033.680829
278.56	-0.000186	-0.000542	10.447258	-240.566481	2814.489326	-3030.323734
279.07	-0.000174	-0.000555	10.447992	-228.561934	2555.071222	-3014.181318
279.58	-0.000187	-0.000611	10.448509	-216.885687	2298.210347	-3002.808540
280.09	-0.000176	-0.000654	10.448306	-196.831475	1831.905347	-3007.257444
280.60	-0.000179	-0.000700	10.447908	-192.172090	1715.467023	-3016.015147
281.11	-0.000171	-0.000721	10.447842	-181.799990	1475.175083	-3017.474365
281.62	-0.000181	-0.000738	10.447853	-180.577853	1447.295621	-3017.232342
282.13	-0.000173	-0.000726	10.447509	-192.294525	1709.083327	-3024.793074
282.64	-0.000182	-0.000741	10.447545	-184.046195	1520.026029	-3024.014269
283.15	-0.000174	-0.000750	10.447839	-196.907222	1822.861114	-3017.548082
283.67	-0.000173	-0.000779	10.447371	-184.612831	1529.072241	-3027.827552
284.18	-0.000169	-0.000786	10.447811	-195.924665	1799.613917	-3018.148167
284.69	-0.000172	-0.000800	10.447304	-188.058264	1606.835110	-3029.305930
285.20	-0.000164	-0.000779	10.446717	-197.482517	1810.226580	-3042.232893
285.71	-0.000165	-0.000766	10.447300	-193.027415	1721.119777	-3029.404648
286.22	-0.000158	-0.000735	10.447545	-201.816325	1929.089456	-3024.013212
286.73	-0.000162	-0.000714	10.447833	-197.895723	1845.475131	-3017.682524
287.24	-0.000161	-0.000693	10.447794	-207.357243	2062.385354	-3018.532196
287.75	-0.000168	-0.000684	10.447540	-202.171331	1937.146341	-3024.123120
288.26	-0.000166	-0.000675	10.447703	-198.603842	1858.789571	-3020.531099
288.77	-0.000174	-0.000680	10.447951	-202.060202	1944.064842	-3015.083296
289.28	-0.000168	-0.000659	10.447678	-199.671499	1882.790974	-3021.080249
289.79	-0.000169	-0.000660	10.447443	-199.071494	1863.546438	-3026.262476
290.30	-0.000159	-0.000635	10.448003	-204.270133	1996.134310	-3013.940893
290.81	-0.000163	-0.000634	10.448612	-202.771999	1975.703182	-3000.533375
291.32	-0.000155	-0.000615	10.448156	-205.797570	2034.832312	-3010.567002
291.83	-0.000158	-0.000611	10.449903	-209.127014	2151.759521	-2972.139367
292.34	-0.000152	-0.000602	10.449900	-212.831123	2236.957521	-2972.205501
292.85	-0.000154	-0.000614	10.449901	-208.102428	2128.129684	-2972.181546
293.36	-0.000151	-0.000619	10.449904	-216.545175	2322.541561	-2972.121717
293.87	-0.000158	-0.000645	10.449903	-203.146356	2014.096086	-2972.130537
294.38	-0.000153	-0.000657	10.449920	-205.440127	2067.276292	-2971.769582
294.89	-0.000158	-0.000671	10.449921	-196.504045	1861.594186	-2971.747223
295.40	-0.000151	-0.000672	10.449926	-201.453429	1975.651297	-2971.628949
295.91	-0.000151	-0.000680	10.449923	-193.235210	1786.406504	-2971.690195
296.42	-0.000155	-0.000675	10.449925	-197.275426	1879.449567	-2971.653311
296.93	-0.000154	-0.000696	10.449927	-183.266389	1557.007145	-2971.614380
297.44	-0.000150	-0.000705	10.449924	-186.673454	1635.371608	-2971.676391
297.95	-0.000153	-0.000742	10.449924	-173.941954	1342.297585	-2971.675674
298.46	-0.000144	-0.000749	10.449918	-170.170337	1255.336185	-2971.809279
298.97	-0.000153	-0.000770	10.449912	-166.338884	1166.996802	-2971.943429
299.48	-0.000142	-0.000765	10.449923	-161.449889	1054.724215	-2971.685504
299.99	-0.000145	-0.000755	10.449927	-162.057995	1068.812377	-2971.599865
300.50	-0.000144	-0.000718	10.449925	-172.781802	1315.606756	-2971.660895
301.01	-0.000150	-0.000694	10.449922	-177.423138	1422.392046	-2971.714980
301.52	-0.000147	-0.000645	10.449916	-196.370299	1858.401575	-2971.855808
302.03	-0.000156	-0.000619	10.449916	-194.690141	1819.731384	-2971.849639
302.54	-0.000142	-0.000579	10.449926	-210.455503	2182.881608	-2971.623561
303.05	-0.000151	-0.000556	10.449929	-213.067233	2243.062183	-2971.566868
303.56	-0.000147	-0.000525	10.449926	-219.509758	2391.293493	-2971.636897
304.07	-0.000150	-0.000507	10.449926	-218.151657	2360.039097	-2971.628663
304.58	-0.000147	-0.000471	10.449926	-231.475426	2666.750299	-2971.626181
305.09	-0.000154	-0.000444	10.449927	-234.182486	2729.091067	-2971.602167
305.60	-0.000143	-0.000408	10.449929	-245.444688	2988.375468	-2971.571299
306.11	-0.000154	-0.000396	10.449927	-246.574400	3014.342948	-2971.607642
306.62	-0.000141	-0.000398	10.449926	-248.422329	3056.852788	-2971.635177
307.13	-0.000147	-0.000441	10.449930	-232.726106	2695.622918	-2971.547581
307.64	-0.000140	-0.000483	10.449929	-226.849816	2560.335146	-2971.564362
308.15	-0.000144	-0.000536	10.449931	-209.079680	2151.312244	-2971.526648
308.66	-0.000136	-0.000578	10.449930	-189.472154	1699.946222	-2971.533772
309.18	-0.000137	-0.000616	10.449930	-187.840970	1662.380033	-2971.549881
309.69	-0.000131	-0.000630	10.449929	-184.365050	1582.359533	-2971.555619
310.20	-0.000131	-0.000649	10.449924	-177.303466	1419.678828	-2971.675293
310.71	-0.000132	-0.000630	10.449923	-181.657781	1519.891922	-2971.696045
311.22	-0.000129	-0.000629	10.449924	-177.411126	1422.157175	-2971.675239
311.73	-0.000131	-0.000610	10.449924	-183.754095	1568.171767	-2971.673698
312.24	-0.000134	-0.000600	10.449914	-177.642595	1427.256807	-2971.893422
312.75	-0.000129	-0.000562	10.449914	-195.151276	1830.309738	-2971.884751
313.26	-0.000130	-0.000537	10.449927	-191.530142	1747.236607	-2971.613711
313.77	-0.000127	-0.000476	10.449927	-217.697332	2349.603619	-2971.606791
314.28	-0.000132	-0.000433	10.449926	-221.656868	2440.717212	-2971.638817
314.79	-0.000130	-0.000374	10.449926	-239.681491	2855.657719	-2971.619887
315.30	-0.000133	-0.000343	10.449930	-243.761580	2949.659554	-2971.543963
315.81	-0.000129	-0.000307	10.449928	-258.412814	3286.875923	-2971.591697
316.32	-0.000131	-0.000315	10.449922	-252.674988	3154.666056	-2971.712913
316.83	-0.000126	-0.000328	10.449924	-253.340211	3170.032487	-2971.662126
317.34	-0.000129	-0.000362	10.449927	-240.235346	2868.423135	-2971.604742
317.85	-0.000121	-0.000370	10.449925	-237.438419	2803.998771	-2971.642967
318.36	-0.000122	-0.000388	10.449928	-229.426857	2619.631625	-2971.589281
318.87	-0.000119	-0.000388	10.449930	-231.489575	2667.166888	-2971.539503
319.38	-0.000128	-0.000398	10.449930	-223.469948	2482.548985	-2971.547912
319.89	-0.000127	-0.000407	10.449931	-221.482711	2436.828884	-2971.523678
320.40	-0.000132	-0.000432	10.449929	-208.630553	2140.945966	-2971.552902
320.91	-0.000127	-0.000452	10.449931	-205.905242	2078.241274	-2971.523299
321.42	-0.000130	-0.000479	10.449930	-196.893812	1870.794167	-2971.530042
321.93	-0.000122	-0.000473	10.449925	-204.585910	2047.729677	-2971.657830
322.44	-0.000130	-0.000482	10.449924	-200.406713	1951.501021	-2971.681638
322.95	-0.000117	-0.000474	10.449924	-209.131318	2152.353599	-2971.667175
323.46	-0.000119	-0.000497	10.449926	-198.194229	1900.620740	-2971.633620
323.97	-0.000118	-0.000504	10.449925	-196.644088	1864.911517	-2971.657954
324.48	-0.000123	-0.000530	10.449925	-180.034489	1482.571874	-2971.650656
324.99	-0.000115	-0.000540	10.449924	-181.147055	1508.161584	-2971.670871
325.50	-0.000121	-0.000548	10.449926	-169.905202	1249.423544	-2971.627381
326.01	-0.000115	-0.000530	10.449930	-178.683354	1451.591634	-2971.533881
326.52	-0.000125	-0.000516	10.449929	-176.475149	1400.720833	-2971.570760
327.03	-0.000119	-0.000476	10.449927	-191.507175	1746.720138	-2971.602052
327.54	-0.000122	-0.000446	10.449931	-198.289015	1902.922530	-2971.519289
328.05	-0.000114	-0.000413	10.449931	-213.868477	2261.565886	-2971.510261
328.56	-0.000121	-0.000418	10.449930	-209.010281	2149.707611	-2971.533412
329.07	-0.000109	-0.000435	10.449927	-207.800375	2121.791122	-2971.595279
329.58	-0.000113	-0.000477	10.449923	-188.382624	1674.707978	-2971.684149
330.09	-0.000107	-0.000506	10.449918	-178.342656	1443.465371	-2971.804318
330.60	-0.000111	-0.000542	10.449925	-171.598908	1288.391858	-2971.646685
331.11	-0.000107	-0.000553	10.449925	-167.511200	1194.284383	-2971.656056
331.62	-0.000110	-0.000565	10.449921	-159.336003	1005.998262	-2971.747530
332.13	-0.000110	-0.000543	10.449926	-169.462688	1239.247712	-2971.617186
332.64	-0.000115	-0.000541	10.449928	-159.161669	1002.163625	-2971.577277
333.15	-0.000109	-0.000514	10.449930	-178.876385	1456.035390	-2971.533627
333.66	-0.000111	-0.000518	10.449929	-164.432703	1123.527167	-2971.552347
334.17	-0.000108	-0.000517	10.449922	-168.243806	1211.092575	-2971.709619
334.69	-0.000121	-0.000543	10.449921	-158.689196	991.125931	-2971.731360
335.20	-0.000113	-0.000573	10.449927	-156.092892	931.496639	-2971.600930
335.71	-0.000121	-0.000617	10.449925	-138.517850	526.869100	-2971.654418
336.22	-0.000115	-0.000635	10.449925	-143.930700	651.481419	-2971.644531
336.73	-0.000115	-0.000646	10.449930	-120.707914	117.005349	-2971.544830
337.24	-0.000107	-0.000619	10.449929	-142.984242	629.786466	-2971.556609
